# volume(A^3) energy(Ry)
43.739068	-302.49611755
43.824999	-302.49694397
43.910930	-302.49751847
43.996862	-302.49811184
44.082793	-302.49869182
44.168725	-302.49925177
44.254656	-302.49959081
44.340587	-302.50013950
44.426519	-302.50064888
44.512450	-302.50110397
44.598381	-302.50137298
44.684313	-302.50176202
44.770244	-302.50202917
44.856176	-302.50226004
44.942107	-302.50249090
45.028038	-302.50263704
45.113970	-302.50276688
45.199901	-302.50283978
45.285832	-302.50290913
45.371764	-302.50319433
45.457695	-302.50328339
45.543626	-302.50327926
45.629558	-302.50323557
45.715489	-302.50321157
45.801421	-302.50309415
45.887352	-302.50309302
45.973283	-302.50301686
46.059215	-302.50278787
46.145146	-302.50272204
46.231077	-302.50257530
46.317009	-302.50218962
46.402940	-302.50185767
46.488872	-302.50157717
44.017217	-302.49790444
44.103695	-302.49855356
44.190173	-302.49904475
44.276650	-302.49972438
44.363128	-302.50016980
44.449606	-302.50071246
44.536084	-302.50111779
44.622562	-302.50158954
44.709040	-302.50203603
44.795517	-302.50251862
44.881995	-302.50289259
44.968473	-302.50318884
45.054951	-302.50349859
45.141429	-302.50363602
45.227907	-302.50374531
45.314384	-302.50382584
45.400862	-302.50396849
45.487340	-302.50430084
45.573818	-302.50436182
45.660296	-302.50446048
45.746774	-302.50443667
45.833251	-302.50446978
45.919729	-302.50447824
46.006207	-302.50429168
46.092685	-302.50426210
46.179163	-302.50429640
46.265641	-302.50412256
46.352118	-302.50394413
46.438596	-302.50375327
46.525074	-302.50351413
46.611552	-302.50325858
46.698030	-302.50295028
46.784508	-302.50259903
44.296248	-302.49950608
44.383274	-302.50017204
44.470300	-302.50076989
44.557326	-302.50126507
44.644352	-302.50180734
44.731378	-302.50216014
44.818404	-302.50252241
44.905430	-302.50319113
44.992456	-302.50355729
45.079482	-302.50381159
45.166508	-302.50415326
45.253534	-302.50436483
45.340560	-302.50459527
45.427586	-302.50474831
45.514612	-302.50484942
45.601638	-302.50499140
45.688664	-302.50518506
45.775690	-302.50547098
45.862716	-302.50553743
45.949742	-302.50554169
46.036768	-302.50561633
46.123794	-302.50567193
46.210820	-302.50557232
46.297846	-302.50552915
46.384872	-302.50543879
46.471898	-302.50523803
46.558924	-302.50513658
46.645950	-302.50479394
46.732976	-302.50466031
46.820002	-302.50441081
46.907028	-302.50406705
46.994054	-302.50375095
47.081080	-302.50342592
44.576160	-302.50107198
44.663736	-302.50156394
44.751312	-302.50205286
44.838888	-302.50258054
44.926464	-302.50300673
45.014040	-302.50349140
45.101616	-302.50384495
45.189192	-302.50432824
45.276768	-302.50467202
45.364344	-302.50499388
45.451920	-302.50520353
45.539496	-302.50529563
45.627071	-302.50556539
45.714647	-302.50572072
45.802223	-302.50588660
45.889799	-302.50598082
45.977375	-302.50631305
46.064951	-302.50637119
46.152527	-302.50644446
46.240103	-302.50640592
46.327679	-302.50646765
46.415255	-302.50631098
46.502831	-302.50622457
46.590407	-302.50615154
46.677983	-302.50617849
46.765559	-302.50596050
46.853135	-302.50574499
46.940711	-302.50554251
47.028287	-302.50541450
47.115863	-302.50514597
47.203439	-302.50473475
47.291015	-302.50432446
47.378591	-302.50389969
44.856954	-302.50222216
44.945082	-302.50270752
45.033209	-302.50317863
45.121337	-302.50373739
45.209465	-302.50408201
45.297592	-302.50452808
45.385720	-302.50490053
45.473847	-302.50530858
45.561975	-302.50557961
45.650103	-302.50588577
45.738230	-302.50603448
45.826358	-302.50632304
45.914485	-302.50648070
46.002613	-302.50670324
46.090741	-302.50684841
46.178868	-302.50704480
46.266996	-302.50702854
46.355123	-302.50710286
46.443251	-302.50714353
46.531379	-302.50727530
46.619506	-302.50718670
46.707634	-302.50707997
46.795762	-302.50700162
46.883889	-302.50688746
46.972017	-302.50677954
47.060144	-302.50657137
47.148272	-302.50634015
47.236400	-302.50616607
47.324527	-302.50581442
47.412655	-302.50547308
47.500782	-302.50510136
47.588910	-302.50472426
47.677038	-302.50443821
45.138630	-302.50333915
45.227311	-302.50375367
45.315992	-302.50423943
45.404673	-302.50460752
45.493354	-302.50507092
45.582035	-302.50540475
45.670716	-302.50570363
45.759397	-302.50595751
45.848078	-302.50625590
45.936759	-302.50651901
46.025440	-302.50667953
46.114121	-302.50701856
46.202802	-302.50714086
46.291483	-302.50724211
46.380164	-302.50723674
46.468845	-302.50750102
46.557526	-302.50753738
46.646207	-302.50758910
46.734888	-302.50764628
46.823569	-302.50759516
46.912250	-302.50750875
47.000931	-302.50736309
47.089612	-302.50740000
47.178293	-302.50718761
47.266974	-302.50697387
47.355655	-302.50684838
47.444336	-302.50657545
47.533017	-302.50627442
47.621698	-302.50597960
47.710379	-302.50559458
47.799060	-302.50521212
47.887741	-302.50487096
47.976422	-302.50472196
45.421187	-302.50403139
45.510423	-302.50439093
45.599659	-302.50481741
45.688895	-302.50539459
45.778131	-302.50568940
45.867368	-302.50596192
45.956604	-302.50616713
46.045840	-302.50650490
46.135076	-302.50683675
46.224312	-302.50702912
46.313548	-302.50720099
46.402784	-302.50729965
46.492020	-302.50761907
46.581257	-302.50783210
46.670493	-302.50790422
46.759729	-302.50788999
46.848965	-302.50787454
46.938201	-302.50791252
47.027437	-302.50788325
47.116673	-302.50789746
47.205909	-302.50784729
47.295146	-302.50769300
47.384382	-302.50749714
47.473618	-302.50742631
47.562854	-302.50727892
47.652090	-302.50692371
47.741326	-302.50671958
47.830562	-302.50640920
47.919798	-302.50616411
48.009035	-302.50584809
48.098271	-302.50548829
48.187507	-302.50520963
48.276743	-302.50481619
45.704626	-302.50433974
45.794419	-302.50471000
45.884212	-302.50526100
45.974005	-302.50547763
46.063798	-302.50587609
46.153591	-302.50610306
46.243384	-302.50627016
46.333177	-302.50665707
46.422970	-302.50687537
46.512763	-302.50728776
46.602556	-302.50748510
46.692349	-302.50770399
46.782142	-302.50776805
46.871934	-302.50788005
46.961727	-302.50801039
47.051520	-302.50797002
47.141313	-302.50805892
47.231106	-302.50816300
47.320899	-302.50810390
47.410692	-302.50795067
47.500485	-302.50794130
47.590278	-302.50784481
47.680071	-302.50765486
47.769864	-302.50739672
47.859657	-302.50719665
47.949450	-302.50687076
48.039243	-302.50661638
48.129036	-302.50631753
48.218829	-302.50609513
48.308622	-302.50575822
48.398415	-302.50542414
48.488208	-302.50495082
48.578001	-302.50462258
45.988946	-302.50471796
46.079298	-302.50516643
46.169649	-302.50562619
46.260001	-302.50596486
46.350353	-302.50629305
46.440704	-302.50644125
46.531056	-302.50670916
46.621407	-302.50711941
46.711759	-302.50739909
46.802110	-302.50764892
46.892462	-302.50776757
46.982813	-302.50785872
47.073165	-302.50799249
47.163517	-302.50801519
47.253868	-302.50809118
47.344220	-302.50817551
47.434571	-302.50817251
47.524923	-302.50816023
47.615274	-302.50799665
47.705626	-302.50789265
47.795978	-302.50770391
47.886329	-302.50758205
47.976681	-302.50738211
48.067032	-302.50713246
48.157384	-302.50688064
48.247735	-302.50657081
48.338087	-302.50637527
48.428438	-302.50597392
48.518790	-302.50577061
48.609142	-302.50534036
48.699493	-302.50505512
48.789845	-302.50478995
48.880196	-302.50431818
46.274148	-302.50506455
46.365060	-302.50543948
46.455972	-302.50580137
46.546884	-302.50610442
46.637796	-302.50641904
46.728708	-302.50662690
46.819620	-302.50677457
46.910532	-302.50705305
47.001443	-302.50731342
47.092355	-302.50746418
47.183267	-302.50757689
47.274179	-302.50775260
47.365091	-302.50776519
47.456003	-302.50778880
47.546915	-302.50785169
47.637827	-302.50795534
47.728738	-302.50782879
47.819650	-302.50780143
47.910562	-302.50775966
48.001474	-302.50757571
48.092386	-302.50736774
48.183298	-302.50714521
48.274210	-302.50693069
48.365122	-302.50667233
48.456034	-302.50645822
48.546945	-302.50615451
48.637857	-302.50597482
48.728769	-302.50568301
48.819681	-302.50553320
48.910593	-302.50525665
49.001505	-302.50480965
49.092417	-302.50432421
49.183329	-302.50387302
46.560232	-302.50508512
46.651706	-302.50543123
46.743180	-302.50572045
46.834654	-302.50603089
46.926128	-302.50628962
47.017602	-302.50635245
47.109076	-302.50661470
47.200550	-302.50684859
47.292024	-302.50708265
47.383497	-302.50721701
47.474971	-302.50737316
47.566445	-302.50741563
47.657919	-302.50754898
47.749393	-302.50752385
47.840867	-302.50753807
47.932341	-302.50748827
48.023815	-302.50738221
48.115289	-302.50752639
48.206763	-302.50726337
48.298237	-302.50706941
48.389711	-302.50698270
48.481185	-302.50678071
48.572659	-302.50657889
48.664133	-302.50633071
48.755606	-302.50611784
48.847080	-302.50579118
48.938554	-302.50562341
49.030028	-302.50514729
49.121502	-302.50500482
49.212976	-302.50461283
49.304450	-302.50408304
49.395924	-302.50371103
49.487398	-302.50332298
46.847197	-302.50490146
46.939235	-302.50520127
47.031273	-302.50555658
47.123310	-302.50579637
47.215348	-302.50595927
47.307386	-302.50610458
47.399424	-302.50630397
47.491461	-302.50658053
47.583499	-302.50671477
47.675537	-302.50692989
47.767575	-302.50714979
47.859612	-302.50716888
47.951650	-302.50716983
48.043688	-302.50718107
48.135725	-302.50722527
48.227763	-302.50712658
48.319801	-302.50703175
48.411839	-302.50702874
48.503876	-302.50687292
48.595914	-302.50667522
48.687952	-302.50643780
48.779989	-302.50629903
48.872027	-302.50605751
48.964065	-302.50588565
49.056103	-302.50557476
49.148140	-302.50522152
49.240178	-302.50486530
49.332216	-302.50447832
49.424253	-302.50428289
49.516291	-302.50388699
49.608329	-302.50345819
49.700367	-302.50299394
49.792404	-302.50260152
47.135044	-302.50458571
47.227648	-302.50483004
47.320251	-302.50520672
47.412854	-302.50538021
47.505457	-302.50558677
47.598060	-302.50565395
47.690664	-302.50598898
47.783267	-302.50620726
47.875870	-302.50633517
47.968473	-302.50658288
48.061077	-302.50653955
48.153680	-302.50666637
48.246283	-302.50662314
48.338886	-302.50657979
48.431489	-302.50654490
48.524093	-302.50650555
48.616696	-302.50643212
48.709299	-302.50636261
48.801902	-302.50613777
48.894506	-302.50586862
48.987109	-302.50555146
49.079712	-302.50540081
49.172315	-302.50516937
49.264919	-302.50489154
49.357522	-302.50458534
49.450125	-302.50420076
49.542728	-302.50390100
49.635331	-302.50344785
49.727935	-302.50327968
49.820538	-302.50298453
49.913141	-302.50254479
50.005744	-302.50200684
50.098348	-302.50153033
47.423773	-302.50395397
47.516943	-302.50427378
47.610114	-302.50444129
47.703284	-302.50472044
47.796455	-302.50491395
47.889625	-302.50509144
47.982796	-302.50511610
48.075966	-302.50544722
48.169137	-302.50560312
48.262307	-302.50563951
48.355478	-302.50560991
48.448648	-302.50564110
48.541819	-302.50566286
48.634989	-302.50560235
48.728159	-302.50578691
48.821330	-302.50557855
48.914500	-302.50556563
49.007671	-302.50537044
49.100841	-302.50519032
49.194012	-302.50487318
49.287182	-302.50450662
49.380353	-302.50437977
49.473523	-302.50406205
49.566694	-302.50383844
49.659864	-302.50343644
49.753035	-302.50321883
49.846205	-302.50281017
49.939376	-302.50243464
50.032546	-302.50231588
50.125717	-302.50191580
50.218887	-302.50133905
50.312058	-302.50089991
50.405228	-302.50051562
47.713383	-302.50329358
47.807122	-302.50348116
47.900862	-302.50366722
47.994601	-302.50392972
48.088341	-302.50408970
48.182080	-302.50417793
48.275820	-302.50453376
48.369559	-302.50469307
48.463299	-302.50468838
48.557038	-302.50475535
48.650778	-302.50478255
48.744517	-302.50485742
48.838256	-302.50474429
48.931996	-302.50480584
49.025735	-302.50477237
49.119475	-302.50459879
49.213214	-302.50443954
49.306954	-302.50422336
49.400693	-302.50412341
49.494433	-302.50373377
49.588172	-302.50340308
49.681912	-302.50331427
49.775651	-302.50307985
49.869390	-302.50268414
49.963130	-302.50240220
50.056869	-302.50207617
50.150609	-302.50169247
50.244348	-302.50125333
50.338088	-302.50101367
50.431827	-302.50072255
50.525567	-302.50015769
50.619306	-302.49964733
50.713046	-302.49910581
48.003875	-302.50229395
48.098185	-302.50259703
48.192495	-302.50286960
48.286805	-302.50304129
48.381115	-302.50319097
48.475426	-302.50329229
48.569736	-302.50353827
48.664046	-302.50356171
48.758356	-302.50375959
48.852666	-302.50368177
48.946976	-302.50373471
49.041287	-302.50372199
49.135597	-302.50359188
49.229907	-302.50372086
49.324217	-302.50359554
49.418527	-302.50347000
49.512837	-302.50321607
49.607148	-302.50292032
49.701458	-302.50268213
49.795768	-302.50245834
49.890078	-302.50220914
49.984388	-302.50200138
50.078698	-302.50178177
50.173009	-302.50141207
50.267319	-302.50101689
50.361629	-302.50068578
50.455939	-302.50022560
50.550249	-302.49983891
50.644559	-302.49961341
50.738870	-302.49913842
50.833180	-302.49869648
50.927490	-302.49826166
51.021800	-302.49773486
48.295248	-302.50127012
48.390131	-302.50152204
48.485013	-302.50177584
48.579896	-302.50195761
48.674779	-302.50214307
48.769661	-302.50239386
48.864544	-302.50243383
48.959426	-302.50258101
49.054309	-302.50253962
49.149192	-302.50255177
49.244074	-302.50248013
49.338957	-302.50244125
49.433839	-302.50252636
49.528722	-302.50237976
49.623605	-302.50217505
49.718487	-302.50203199
49.813370	-302.50187897
49.908252	-302.50164274
50.003135	-302.50146220
50.098018	-302.50111408
50.192900	-302.50090731
50.287783	-302.50067253
50.382666	-302.50028523
50.477548	-302.50008666
50.572431	-302.49966581
50.667313	-302.49928695
50.762196	-302.49882792
50.857079	-302.49828804
50.951961	-302.49816136
51.046844	-302.49785315
51.141726	-302.49730730
51.236609	-302.49680668
51.331492	-302.49617502
