# a(A) c(A) energy(Ry)
3.15	5.09	-302.49611755
3.15	5.1	-302.49694397
3.15	5.11	-302.49751847
3.15	5.12	-302.49811184
3.15	5.13	-302.49869182
3.15	5.14	-302.49925177
3.15	5.15	-302.49959081
3.15	5.16	-302.50013950
3.15	5.17	-302.50064888
3.15	5.18	-302.50110397
3.15	5.19	-302.50137298
3.15	5.2	-302.50176202
3.15	5.21	-302.50202917
3.15	5.22	-302.50226004
3.15	5.23	-302.50249090
3.15	5.24	-302.50263704
3.15	5.25	-302.50276688
3.15	5.26	-302.50283978
3.15	5.27	-302.50290913
3.15	5.28	-302.50319433
3.15	5.29	-302.50328339
3.15	5.3	-302.50327926
3.15	5.31	-302.50323557
3.15	5.32	-302.50321157
3.15	5.33	-302.50309415
3.15	5.34	-302.50309302
3.15	5.35	-302.50301686
3.15	5.36	-302.50278787
3.15	5.37	-302.50272204
3.15	5.38	-302.50257530
3.15	5.39	-302.50218962
3.15	5.4	-302.50185767
3.15	5.41	-302.50157717
  
3.16	5.09	-302.49790444
3.16	5.1	-302.49855356
3.16	5.11	-302.49904475
3.16	5.12	-302.49972438
3.16	5.13	-302.50016980
3.16	5.14	-302.50071246
3.16	5.15	-302.50111779
3.16	5.16	-302.50158954
3.16	5.17	-302.50203603
3.16	5.18	-302.50251862
3.16	5.19	-302.50289259
3.16	5.2	-302.50318884
3.16	5.21	-302.50349859
3.16	5.22	-302.50363602
3.16	5.23	-302.50374531
3.16	5.24	-302.50382584
3.16	5.25	-302.50396849
3.16	5.26	-302.50430084
3.16	5.27	-302.50436182
3.16	5.28	-302.50446048
3.16	5.29	-302.50443667
3.16	5.3	-302.50446978
3.16	5.31	-302.50447824
3.16	5.32	-302.50429168
3.16	5.33	-302.50426210
3.16	5.34	-302.50429640
3.16	5.35	-302.50412256
3.16	5.36	-302.50394413
3.16	5.37	-302.50375327
3.16	5.38	-302.50351413
3.16	5.39	-302.50325858
3.16	5.4	-302.50295028
3.16	5.41	-302.50259903
  
3.17	5.09	-302.49950608
3.17	5.1	-302.50017204
3.17	5.11	-302.50076989
3.17	5.12	-302.50126507
3.17	5.13	-302.50180734
3.17	5.14	-302.50216014
3.17	5.15	-302.50252241
3.17	5.16	-302.50319113
3.17	5.17	-302.50355729
3.17	5.18	-302.50381159
3.17	5.19	-302.50415326
3.17	5.2	-302.50436483
3.17	5.21	-302.50459527
3.17	5.22	-302.50474831
3.17	5.23	-302.50484942
3.17	5.24	-302.50499140
3.17	5.25	-302.50518506
3.17	5.26	-302.50547098
3.17	5.27	-302.50553743
3.17	5.28	-302.50554169
3.17	5.29	-302.50561633
3.17	5.3	-302.50567193
3.17	5.31	-302.50557232
3.17	5.32	-302.50552915
3.17	5.33	-302.50543879
3.17	5.34	-302.50523803
3.17	5.35	-302.50513658
3.17	5.36	-302.50479394
3.17	5.37	-302.50466031
3.17	5.38	-302.50441081
3.17	5.39	-302.50406705
3.17	5.4	-302.50375095
3.17	5.41	-302.50342592
  
3.18	5.09	-302.50107198
3.18	5.1	-302.50156394
3.18	5.11	-302.50205286
3.18	5.12	-302.50258054
3.18	5.13	-302.50300673
3.18	5.14	-302.50349140
3.18	5.15	-302.50384495
3.18	5.16	-302.50432824
3.18	5.17	-302.50467202
3.18	5.18	-302.50499388
3.18	5.19	-302.50520353
3.18	5.2	-302.50529563
3.18	5.21	-302.50556539
3.18	5.22	-302.50572072
3.18	5.23	-302.50588660
3.18	5.24	-302.50598082
3.18	5.25	-302.50631305
3.18	5.26	-302.50637119
3.18	5.27	-302.50644446
3.18	5.28	-302.50640592
3.18	5.29	-302.50646765
3.18	5.3	-302.50631098
3.18	5.31	-302.50622457
3.18	5.32	-302.50615154
3.18	5.33	-302.50617849
3.18	5.34	-302.50596050
3.18	5.35	-302.50574499
3.18	5.36	-302.50554251
3.18	5.37	-302.50541450
3.18	5.38	-302.50514597
3.18	5.39	-302.50473475
3.18	5.4	-302.50432446
3.18	5.41	-302.50389969
  
3.19	5.09	-302.50222216
3.19	5.1	-302.50270752
3.19	5.11	-302.50317863
3.19	5.12	-302.50373739
3.19	5.13	-302.50408201
3.19	5.14	-302.50452808
3.19	5.15	-302.50490053
3.19	5.16	-302.50530858
3.19	5.17	-302.50557961
3.19	5.18	-302.50588577
3.19	5.19	-302.50603448
3.19	5.2	-302.50632304
3.19	5.21	-302.50648070
3.19	5.22	-302.50670324
3.19	5.23	-302.50684841
3.19	5.24	-302.50704480
3.19	5.25	-302.50702854
3.19	5.26	-302.50710286
3.19	5.27	-302.50714353
3.19	5.28	-302.50727530
3.19	5.29	-302.50718670
3.19	5.3	-302.50707997
3.19	5.31	-302.50700162
3.19	5.32	-302.50688746
3.19	5.33	-302.50677954
3.19	5.34	-302.50657137
3.19	5.35	-302.50634015
3.19	5.36	-302.50616607
3.19	5.37	-302.50581442
3.19	5.38	-302.50547308
3.19	5.39	-302.50510136
3.19	5.4	-302.50472426
3.19	5.41	-302.50443821
  
3.2	5.09	-302.50333915
3.2	5.1	-302.50375367
3.2	5.11	-302.50423943
3.2	5.12	-302.50460752
3.2	5.13	-302.50507092
3.2	5.14	-302.50540475
3.2	5.15	-302.50570363
3.2	5.16	-302.50595751
3.2	5.17	-302.50625590
3.2	5.18	-302.50651901
3.2	5.19	-302.50667953
3.2	5.2	-302.50701856
3.2	5.21	-302.50714086
3.2	5.22	-302.50724211
3.2	5.23	-302.50723674
3.2	5.24	-302.50750102
3.2	5.25	-302.50753738
3.2	5.26	-302.50758910
3.2	5.27	-302.50764628
3.2	5.28	-302.50759516
3.2	5.29	-302.50750875
3.2	5.3	-302.50736309
3.2	5.31	-302.50740000
3.2	5.32	-302.50718761
3.2	5.33	-302.50697387
3.2	5.34	-302.50684838
3.2	5.35	-302.50657545
3.2	5.36	-302.50627442
3.2	5.37	-302.50597960
3.2	5.38	-302.50559458
3.2	5.39	-302.50521212
3.2	5.4	-302.50487096
3.2	5.41	-302.50472196
  
3.21	5.09	-302.50403139
3.21	5.1	-302.50439093
3.21	5.11	-302.50481741
3.21	5.12	-302.50539459
3.21	5.13	-302.50568940
3.21	5.14	-302.50596192
3.21	5.15	-302.50616713
3.21	5.16	-302.50650490
3.21	5.17	-302.50683675
3.21	5.18	-302.50702912
3.21	5.19	-302.50720099
3.21	5.2	-302.50729965
3.21	5.21	-302.50761907
3.21	5.22	-302.50783210
3.21	5.23	-302.50790422
3.21	5.24	-302.50788999
3.21	5.25	-302.50787454
3.21	5.26	-302.50791252
3.21	5.27	-302.50788325
3.21	5.28	-302.50789746
3.21	5.29	-302.50784729
3.21	5.3	-302.50769300
3.21	5.31	-302.50749714
3.21	5.32	-302.50742631
3.21	5.33	-302.50727892
3.21	5.34	-302.50692371
3.21	5.35	-302.50671958
3.21	5.36	-302.50640920
3.21	5.37	-302.50616411
3.21	5.38	-302.50584809
3.21	5.39	-302.50548829
3.21	5.4	-302.50520963
3.21	5.41	-302.50481619
  
3.22	5.09	-302.50433974
3.22	5.1	-302.50471000
3.22	5.11	-302.50526100
3.22	5.12	-302.50547763
3.22	5.13	-302.50587609
3.22	5.14	-302.50610306
3.22	5.15	-302.50627016
3.22	5.16	-302.50665707
3.22	5.17	-302.50687537
3.22	5.18	-302.50728776
3.22	5.19	-302.50748510
3.22	5.2	-302.50770399
3.22	5.21	-302.50776805
3.22	5.22	-302.50788005
3.22	5.23	-302.50801039
3.22	5.24	-302.50797002
3.22	5.25	-302.50805892
3.22	5.26	-302.50816300
3.22	5.27	-302.50810390
3.22	5.28	-302.50795067
3.22	5.29	-302.50794130
3.22	5.3	-302.50784481
3.22	5.31	-302.50765486
3.22	5.32	-302.50739672
3.22	5.33	-302.50719665
3.22	5.34	-302.50687076
3.22	5.35	-302.50661638
3.22	5.36	-302.50631753
3.22	5.37	-302.50609513
3.22	5.38	-302.50575822
3.22	5.39	-302.50542414
3.22	5.4	-302.50495082
3.22	5.41	-302.50462258
  
3.23	5.09	-302.50471796
3.23	5.1	-302.50516643
3.23	5.11	-302.50562619
3.23	5.12	-302.50596486
3.23	5.13	-302.50629305
3.23	5.14	-302.50644125
3.23	5.15	-302.50670916
3.23	5.16	-302.50711941
3.23	5.17	-302.50739909
3.23	5.18	-302.50764892
3.23	5.19	-302.50776757
3.23	5.2	-302.50785872
3.23	5.21	-302.50799249
3.23	5.22	-302.50801519
3.23	5.23	-302.50809118
3.23	5.24	-302.50817551
3.23	5.25	-302.50817251
3.23	5.26	-302.50816023
3.23	5.27	-302.50799665
3.23	5.28	-302.50789265
3.23	5.29	-302.50770391
3.23	5.3	-302.50758205
3.23	5.31	-302.50738211
3.23	5.32	-302.50713246
3.23	5.33	-302.50688064
3.23	5.34	-302.50657081
3.23	5.35	-302.50637527
3.23	5.36	-302.50597392
3.23	5.37	-302.50577061
3.23	5.38	-302.50534036
3.23	5.39	-302.50505512
3.23	5.4	-302.50478995
3.23	5.41	-302.50431818
  
3.24	5.09	-302.50506455
3.24	5.1	-302.50543948
3.24	5.11	-302.50580137
3.24	5.12	-302.50610442
3.24	5.13	-302.50641904
3.24	5.14	-302.50662690
3.24	5.15	-302.50677457
3.24	5.16	-302.50705305
3.24	5.17	-302.50731342
3.24	5.18	-302.50746418
3.24	5.19	-302.50757689
3.24	5.2	-302.50775260
3.24	5.21	-302.50776519
3.24	5.22	-302.50778880
3.24	5.23	-302.50785169
3.24	5.24	-302.50795534
3.24	5.25	-302.50782879
3.24	5.26	-302.50780143
3.24	5.27	-302.50775966
3.24	5.28	-302.50757571
3.24	5.29	-302.50736774
3.24	5.3	-302.50714521
3.24	5.31	-302.50693069
3.24	5.32	-302.50667233
3.24	5.33	-302.50645822
3.24	5.34	-302.50615451
3.24	5.35	-302.50597482
3.24	5.36	-302.50568301
3.24	5.37	-302.50553320
3.24	5.38	-302.50525665
3.24	5.39	-302.50480965
3.24	5.4	-302.50432421
3.24	5.41	-302.50387302
  
3.25	5.09	-302.50508512
3.25	5.1	-302.50543123
3.25	5.11	-302.50572045
3.25	5.12	-302.50603089
3.25	5.13	-302.50628962
3.25	5.14	-302.50635245
3.25	5.15	-302.50661470
3.25	5.16	-302.50684859
3.25	5.17	-302.50708265
3.25	5.18	-302.50721701
3.25	5.19	-302.50737316
3.25	5.2	-302.50741563
3.25	5.21	-302.50754898
3.25	5.22	-302.50752385
3.25	5.23	-302.50753807
3.25	5.24	-302.50748827
3.25	5.25	-302.50738221
3.25	5.26	-302.50752639
3.25	5.27	-302.50726337
3.25	5.28	-302.50706941
3.25	5.29	-302.50698270
3.25	5.3	-302.50678071
3.25	5.31	-302.50657889
3.25	5.32	-302.50633071
3.25	5.33	-302.50611784
3.25	5.34	-302.50579118
3.25	5.35	-302.50562341
3.25	5.36	-302.50514729
3.25	5.37	-302.50500482
3.25	5.38	-302.50461283
3.25	5.39	-302.50408304
3.25	5.4	-302.50371103
3.25	5.41	-302.50332298
  
3.26	5.09	-302.50490146
3.26	5.1	-302.50520127
3.26	5.11	-302.50555658
3.26	5.12	-302.50579637
3.26	5.13	-302.50595927
3.26	5.14	-302.50610458
3.26	5.15	-302.50630397
3.26	5.16	-302.50658053
3.26	5.17	-302.50671477
3.26	5.18	-302.50692989
3.26	5.19	-302.50714979
3.26	5.2	-302.50716888
3.26	5.21	-302.50716983
3.26	5.22	-302.50718107
3.26	5.23	-302.50722527
3.26	5.24	-302.50712658
3.26	5.25	-302.50703175
3.26	5.26	-302.50702874
3.26	5.27	-302.50687292
3.26	5.28	-302.50667522
3.26	5.29	-302.50643780
3.26	5.3	-302.50629903
3.26	5.31	-302.50605751
3.26	5.32	-302.50588565
3.26	5.33	-302.50557476
3.26	5.34	-302.50522152
3.26	5.35	-302.50486530
3.26	5.36	-302.50447832
3.26	5.37	-302.50428289
3.26	5.38	-302.50388699
3.26	5.39	-302.50345819
3.26	5.4	-302.50299394
3.26	5.41	-302.50260152
  
3.27	5.09	-302.50458571
3.27	5.1	-302.50483004
3.27	5.11	-302.50520672
3.27	5.12	-302.50538021
3.27	5.13	-302.50558677
3.27	5.14	-302.50565395
3.27	5.15	-302.50598898
3.27	5.16	-302.50620726
3.27	5.17	-302.50633517
3.27	5.18	-302.50658288
3.27	5.19	-302.50653955
3.27	5.2	-302.50666637
3.27	5.21	-302.50662314
3.27	5.22	-302.50657979
3.27	5.23	-302.50654490
3.27	5.24	-302.50650555
3.27	5.25	-302.50643212
3.27	5.26	-302.50636261
3.27	5.27	-302.50613777
3.27	5.28	-302.50586862
3.27	5.29	-302.50555146
3.27	5.3	-302.50540081
3.27	5.31	-302.50516937
3.27	5.32	-302.50489154
3.27	5.33	-302.50458534
3.27	5.34	-302.50420076
3.27	5.35	-302.50390100
3.27	5.36	-302.50344785
3.27	5.37	-302.50327968
3.27	5.38	-302.50298453
3.27	5.39	-302.50254479
3.27	5.4	-302.50200684
3.27	5.41	-302.50153033
  
3.28	5.09	-302.50395397
3.28	5.1	-302.50427378
3.28	5.11	-302.50444129
3.28	5.12	-302.50472044
3.28	5.13	-302.50491395
3.28	5.14	-302.50509144
3.28	5.15	-302.50511610
3.28	5.16	-302.50544722
3.28	5.17	-302.50560312
3.28	5.18	-302.50563951
3.28	5.19	-302.50560991
3.28	5.2	-302.50564110
3.28	5.21	-302.50566286
3.28	5.22	-302.50560235
3.28	5.23	-302.50578691
3.28	5.24	-302.50557855
3.28	5.25	-302.50556563
3.28	5.26	-302.50537044
3.28	5.27	-302.50519032
3.28	5.28	-302.50487318
3.28	5.29	-302.50450662
3.28	5.3	-302.50437977
3.28	5.31	-302.50406205
3.28	5.32	-302.50383844
3.28	5.33	-302.50343644
3.28	5.34	-302.50321883
3.28	5.35	-302.50281017
3.28	5.36	-302.50243464
3.28	5.37	-302.50231588
3.28	5.38	-302.50191580
3.28	5.39	-302.50133905
3.28	5.4	-302.50089991
3.28	5.41	-302.50051562
  
3.29	5.09	-302.50329358
3.29	5.1	-302.50348116
3.29	5.11	-302.50366722
3.29	5.12	-302.50392972
3.29	5.13	-302.50408970
3.29	5.14	-302.50417793
3.29	5.15	-302.50453376
3.29	5.16	-302.50469307
3.29	5.17	-302.50468838
3.29	5.18	-302.50475535
3.29	5.19	-302.50478255
3.29	5.2	-302.50485742
3.29	5.21	-302.50474429
3.29	5.22	-302.50480584
3.29	5.23	-302.50477237
3.29	5.24	-302.50459879
3.29	5.25	-302.50443954
3.29	5.26	-302.50422336
3.29	5.27	-302.50412341
3.29	5.28	-302.50373377
3.29	5.29	-302.50340308
3.29	5.3	-302.50331427
3.29	5.31	-302.50307985
3.29	5.32	-302.50268414
3.29	5.33	-302.50240220
3.29	5.34	-302.50207617
3.29	5.35	-302.50169247
3.29	5.36	-302.50125333
3.29	5.37	-302.50101367
3.29	5.38	-302.50072255
3.29	5.39	-302.50015769
3.29	5.4	-302.49964733
3.29	5.41	-302.49910581
  
3.3	5.09	-302.50229395
3.3	5.1	-302.50259703
3.3	5.11	-302.50286960
3.3	5.12	-302.50304129
3.3	5.13	-302.50319097
3.3	5.14	-302.50329229
3.3	5.15	-302.50353827
3.3	5.16	-302.50356171
3.3	5.17	-302.50375959
3.3	5.18	-302.50368177
3.3	5.19	-302.50373471
3.3	5.2	-302.50372199
3.3	5.21	-302.50359188
3.3	5.22	-302.50372086
3.3	5.23	-302.50359554
3.3	5.24	-302.50347000
3.3	5.25	-302.50321607
3.3	5.26	-302.50292032
3.3	5.27	-302.50268213
3.3	5.28	-302.50245834
3.3	5.29	-302.50220914
3.3	5.3	-302.50200138
3.3	5.31	-302.50178177
3.3	5.32	-302.50141207
3.3	5.33	-302.50101689
3.3	5.34	-302.50068578
3.3	5.35	-302.50022560
3.3	5.36	-302.49983891
3.3	5.37	-302.49961341
3.3	5.38	-302.49913842
3.3	5.39	-302.49869648
3.3	5.4	-302.49826166
3.3	5.41	-302.49773486
  
3.31	5.09	-302.50127012
3.31	5.1	-302.50152204
3.31	5.11	-302.50177584
3.31	5.12	-302.50195761
3.31	5.13	-302.50214307
3.31	5.14	-302.50239386
3.31	5.15	-302.50243383
3.31	5.16	-302.50258101
3.31	5.17	-302.50253962
3.31	5.18	-302.50255177
3.31	5.19	-302.50248013
3.31	5.2	-302.50244125
3.31	5.21	-302.50252636
3.31	5.22	-302.50237976
3.31	5.23	-302.50217505
3.31	5.24	-302.50203199
3.31	5.25	-302.50187897
3.31	5.26	-302.50164274
3.31	5.27	-302.50146220
3.31	5.28	-302.50111408
3.31	5.29	-302.50090731
3.31	5.3	-302.50067253
3.31	5.31	-302.50028523
3.31	5.32	-302.50008666
3.31	5.33	-302.49966581
3.31	5.34	-302.49928695
3.31	5.35	-302.49882792
3.31	5.36	-302.49828804
3.31	5.37	-302.49816136
3.31	5.38	-302.49785315
3.31	5.39	-302.49730730
3.31	5.4	-302.49680668
3.31	5.41	-302.49617502
  
