# a(A) c(A) energy(Ry)
3.15	5.09	-299.68035144
3.15	5.1	-299.69003324
3.15	5.11	-299.68795714
3.15	5.12	-299.67751179
3.15	5.13	-299.67301946
3.15	5.14	-299.67672902
3.15	5.15	-299.67784588
3.15	5.16	-299.67894597
3.15	5.17	-299.67111023
3.15	5.18	-299.67446982
3.15	5.19	-299.66100844
3.15	5.2	-299.66712453
3.15	5.21	-299.65070019
3.15	5.22	-299.67044183
3.15	5.23	-299.70747832
3.15	5.24	-299.70573089
3.15	5.25	-299.69499552
3.15	5.26	-299.68805072
3.15	5.27	-299.69391359
3.15	5.28	-299.72783627
3.15	5.29	-299.70920503
3.15	5.3	-299.71218731
3.15	5.31	-299.70161736
3.15	5.32	-299.70145678
3.15	5.33	-299.70447201
3.15	5.34	-299.71291704
3.15	5.35	-299.69179032
3.15	5.36	-299.67844893
3.15	5.37	-299.68153379
3.15	5.38	-299.67894935
3.15	5.39	-299.66277041
3.15	5.4	-299.68383128
3.15	5.41	-299.67031017
  
3.16	5.09	-299.68130264
3.16	5.1	-299.66802296
3.16	5.11	-299.67704041
3.16	5.12	-299.66064489
3.16	5.13	-299.66735791
3.16	5.14	-299.65925090
3.16	5.15	-299.67155630
3.16	5.16	-299.68847525
3.16	5.17	-299.66946410
3.16	5.18	-299.67533946
3.16	5.19	-299.68647789
3.16	5.2	-299.67862859
3.16	5.21	-299.70988991
3.16	5.22	-299.70777209
3.16	5.23	-299.69461997
3.16	5.24	-299.69258942
3.16	5.25	-299.70369592
3.16	5.26	-299.70195088
3.16	5.27	-299.71655818
3.16	5.28	-299.69773922
3.16	5.29	-299.70902947
3.16	5.3	-299.69269988
3.16	5.31	-299.69764606
3.16	5.32	-299.69207739
3.16	5.33	-299.68675185
3.16	5.34	-299.68425677
3.16	5.35	-299.68480315
3.16	5.36	-299.67688547
3.16	5.37	-299.67965139
3.16	5.38	-299.66870530
3.16	5.39	-299.69709146
3.16	5.4	-299.69702824
3.16	5.41	-299.69170725
  
3.17	5.09	-299.68539311
3.17	5.1	-299.68849466
3.17	5.11	-299.66908837
3.17	5.12	-299.65231284
3.17	5.13	-299.68353090
3.17	5.14	-299.67005326
3.17	5.15	-299.66781842
3.17	5.16	-299.67618516
3.17	5.17	-299.69591790
3.17	5.18	-299.69590643
3.17	5.19	-299.68565902
3.17	5.2	-299.69738044
3.17	5.21	-299.71413957
3.17	5.22	-299.70373347
3.17	5.23	-299.71529823
3.17	5.24	-299.69652851
3.17	5.25	-299.68569207
3.17	5.26	-299.70028576
3.17	5.27	-299.71152839
3.17	5.28	-299.71433038
3.17	5.29	-299.70549503
3.17	5.3	-299.68889286
3.17	5.31	-299.68615130
3.17	5.32	-299.69097655
3.17	5.33	-299.70500686
3.17	5.34	-299.70769712
3.17	5.35	-299.69130187
3.17	5.36	-299.68875088
3.17	5.37	-299.67745191
3.17	5.38	-299.66884333
3.17	5.39	-299.67368784
3.17	5.4	-299.68951295
3.17	5.41	-299.68413871
  
3.18	5.09	-299.68770355
3.18	5.1	-299.68214826
3.18	5.11	-299.67369040
3.18	5.12	-299.67686349
3.18	5.13	-299.67929063
3.18	5.14	-299.68767030
3.18	5.15	-299.67949767
3.18	5.16	-299.68774347
3.18	5.17	-299.68843273
3.18	5.18	-299.68085732
3.18	5.19	-299.67603284
3.18	5.2	-299.70341732
3.18	5.21	-299.70631652
3.18	5.22	-299.70119700
3.18	5.23	-299.70144043
3.18	5.24	-299.69594465
3.18	5.25	-299.70962897
3.18	5.26	-299.71057283
3.18	5.27	-299.69137781
3.18	5.28	-299.69065912
3.18	5.29	-299.68487658
3.18	5.3	-299.69800925
3.18	5.31	-299.69770000
3.18	5.32	-299.71070418
3.18	5.33	-299.69994611
3.18	5.34	-299.69141505
3.18	5.35	-299.68322210
3.18	5.36	-299.67198974
3.18	5.37	-299.66334626
3.18	5.38	-299.66818938
3.18	5.39	-299.68069002
3.18	5.4	-299.67472255
3.18	5.41	-299.67154192
  
3.19	5.09	-299.69758329
3.19	5.1	-299.69437544
3.19	5.11	-299.69662237
3.19	5.12	-299.70824482
3.19	5.13	-299.71324961
3.19	5.14	-299.70752791
3.19	5.15	-299.70758177
3.19	5.16	-299.72124022
3.19	5.17	-299.71904331
3.19	5.18	-299.71917974
3.19	5.19	-299.72492320
3.19	5.2	-299.73506737
3.19	5.21	-299.73826580
3.19	5.22	-299.71112107
3.19	5.23	-299.71381565
3.19	5.24	-299.70268194
3.19	5.25	-299.70798219
3.19	5.26	-299.70842195
3.19	5.27	-299.69965498
3.19	5.28	-299.70691878
3.19	5.29	-299.69842030
3.19	5.3	-299.70315206
3.19	5.31	-299.70786802
3.19	5.32	-299.69942119
3.19	5.33	-299.70658244
3.19	5.34	-299.70049552
3.19	5.35	-299.68664931
3.19	5.36	-299.68847820
3.19	5.37	-299.67172828
3.19	5.38	-299.68410283
3.19	5.39	-299.69073526
3.19	5.4	-299.70304592
3.19	5.41	-299.70851436
  
3.2	5.09	-299.70552885
3.2	5.1	-299.69113633
3.2	5.11	-299.68795694
3.2	5.12	-299.68768044
3.2	5.13	-299.68728422
3.2	5.14	-299.69821497
3.2	5.15	-299.70089922
3.2	5.16	-299.72770983
3.2	5.17	-299.71688738
3.2	5.18	-299.72232787
3.2	5.19	-299.70868189
3.2	5.2	-299.71104185
3.2	5.21	-299.71372113
3.2	5.22	-299.70820763
3.2	5.23	-299.69997053
3.2	5.24	-299.71001304
3.2	5.25	-299.71216828
3.2	5.26	-299.72584376
3.2	5.27	-299.71153126
3.2	5.28	-299.69218560
3.2	5.29	-299.71021165
3.2	5.3	-299.70393997
3.2	5.31	-299.70338415
3.2	5.32	-299.69690496
3.2	5.33	-299.70658889
3.2	5.34	-299.68697868
3.2	5.35	-299.68894122
3.2	5.36	-299.71900064
3.2	5.37	-299.71826817
3.2	5.38	-299.70411035
3.2	5.39	-299.73479036
3.2	5.4	-299.72919093
3.2	5.41	-299.72852377
  
3.21	5.09	-299.69435045
3.21	5.1	-299.68239857
3.21	5.11	-299.68728088
3.21	5.12	-299.69813912
3.21	5.13	-299.70600349
3.21	5.14	-299.71621538
3.21	5.15	-299.71300323
3.21	5.16	-299.71542007
3.21	5.17	-299.70985396
3.21	5.18	-299.70962913
3.21	5.19	-299.69559886
3.21	5.2	-299.72493329
3.21	5.21	-299.71917034
3.21	5.22	-299.71067024
3.21	5.23	-299.71290775
3.21	5.24	-299.71252842
3.21	5.25	-299.71133498
3.21	5.26	-299.70623707
3.21	5.27	-299.70765017
3.21	5.28	-299.71455528
3.21	5.29	-299.69504178
3.21	5.3	-299.69107365
3.21	5.31	-299.71129542
3.21	5.32	-299.70477926
3.21	5.33	-299.69588518
3.21	5.34	-299.70492089
3.21	5.35	-299.70151974
3.21	5.36	-299.70547987
3.21	5.37	-299.70228265
3.21	5.38	-299.71969178
3.21	5.39	-299.73402386
3.21	5.4	-299.72299014
3.21	5.41	-299.73263880
  
3.22	5.09	-299.67496743
3.22	5.1	-299.67912223
3.22	5.11	-299.69493534
3.22	5.12	-299.70533310
3.22	5.13	-299.70980473
3.22	5.14	-299.71458908
3.22	5.15	-299.70883067
3.22	5.16	-299.71367267
3.22	5.17	-299.70794108
3.22	5.18	-299.71796969
3.22	5.19	-299.72554813
3.22	5.2	-299.72461382
3.22	5.21	-299.72114921
3.22	5.22	-299.74703421
3.22	5.23	-299.73872447
3.22	5.24	-299.73528224
3.22	5.25	-299.73410337
3.22	5.26	-299.72926766
3.22	5.27	-299.71996820
3.22	5.28	-299.70800205
3.22	5.29	-299.70400462
3.22	5.3	-299.72126535
3.22	5.31	-299.71439121
3.22	5.32	-299.71809741
3.22	5.33	-299.71167790
3.22	5.34	-299.70508767
3.22	5.35	-299.70454075
3.22	5.36	-299.70106580
3.22	5.37	-299.70486814
3.22	5.38	-299.71916545
3.22	5.39	-299.73115533
3.22	5.4	-299.73001549
3.22	5.41	-299.72658499
  
3.23	5.09	-299.69748909
3.23	5.1	-299.71591623
3.23	5.11	-299.70454507
3.23	5.12	-299.71170051
3.23	5.13	-299.73776986
3.23	5.14	-299.73443068
3.23	5.15	-299.74191604
3.23	5.16	-299.73844152
3.23	5.17	-299.73569536
3.23	5.18	-299.72437795
3.23	5.19	-299.71783538
3.23	5.2	-299.73018673
3.23	5.21	-299.72929129
3.23	5.22	-299.72332936
3.23	5.23	-299.72533269
3.23	5.24	-299.70346244
3.23	5.25	-299.71811730
3.23	5.26	-299.70981615
3.23	5.27	-299.70074892
3.23	5.28	-299.72159867
3.23	5.29	-299.71725072
3.23	5.3	-299.72103568
3.23	5.31	-299.70915197
3.23	5.32	-299.71022023
3.23	5.33	-299.69874358
3.23	5.34	-299.71536883
3.23	5.35	-299.71466472
3.23	5.36	-299.72103557
3.23	5.37	-299.70954067
3.23	5.38	-299.71328343
3.23	5.39	-299.72749313
3.23	5.4	-299.70057620
3.23	5.41	-299.69947521
  
3.24	5.09	-299.71229341
3.24	5.1	-299.71126710
3.24	5.11	-299.72633187
3.24	5.12	-299.73096135
3.24	5.13	-299.73293873
3.24	5.14	-299.73486846
3.24	5.15	-299.73932896
3.24	5.16	-299.73854296
3.24	5.17	-299.72737764
3.24	5.18	-299.72895920
3.24	5.19	-299.71965205
3.24	5.2	-299.72080375
3.24	5.21	-299.72496265
3.24	5.22	-299.72417788
3.24	5.23	-299.71547635
3.24	5.24	-299.70625503
3.24	5.25	-299.71522150
3.24	5.26	-299.70413581
3.24	5.27	-299.69975327
3.24	5.28	-299.68496093
3.24	5.29	-299.69092372
3.24	5.3	-299.68158301
3.24	5.31	-299.67955699
3.24	5.32	-299.68080724
3.24	5.33	-299.68963226
3.24	5.34	-299.69581509
3.24	5.35	-299.69459023
3.24	5.36	-299.69334224
3.24	5.37	-299.69760017
3.24	5.38	-299.70852073
3.24	5.39	-299.69432276
3.24	5.4	-299.69565657
3.24	5.41	-299.69135345
  
3.25	5.09	-299.71634222
3.25	5.1	-299.72888219
3.25	5.11	-299.72810309
3.25	5.12	-299.72146905
3.25	5.13	-299.73100239
3.25	5.14	-299.72753687
3.25	5.15	-299.70791902
3.25	5.16	-299.71745869
3.25	5.17	-299.70030983
3.25	5.18	-299.69093139
3.25	5.19	-299.69448082
3.25	5.2	-299.70622878
3.25	5.21	-299.70017685
3.25	5.22	-299.70422679
3.25	5.23	-299.68483418
3.25	5.24	-299.71143753
3.25	5.25	-299.71527359
3.25	5.26	-299.69880441
3.25	5.27	-299.68384600
3.25	5.28	-299.67145975
3.25	5.29	-299.67468499
3.25	5.3	-299.68337876
3.25	5.31	-299.66826850
3.25	5.32	-299.69519317
3.25	5.33	-299.70873873
3.25	5.34	-299.71215131
3.25	5.35	-299.71563632
3.25	5.36	-299.71934576
3.25	5.37	-299.71239919
3.25	5.38	-299.73387955
3.25	5.39	-299.72733392
3.25	5.4	-299.71792800
3.25	5.41	-299.72923701
  
3.26	5.09	-299.69611137
3.26	5.1	-299.69480955
3.26	5.11	-299.68841249
3.26	5.12	-299.68961070
3.26	5.13	-299.68825388
3.26	5.14	-299.68701200
3.26	5.15	-299.69351924
3.26	5.16	-299.69441590
3.26	5.17	-299.68233611
3.26	5.18	-299.68591250
3.26	5.19	-299.71025070
3.26	5.2	-299.71397222
3.26	5.21	-299.72067470
3.26	5.22	-299.71176907
3.26	5.23	-299.70249026
3.26	5.24	-299.69799152
3.26	5.25	-299.70130566
3.26	5.26	-299.68975522
3.26	5.27	-299.67968517
3.26	5.28	-299.67750313
3.26	5.29	-299.68852187
3.26	5.3	-299.70452509
3.26	5.31	-299.70519341
3.26	5.32	-299.71378953
3.26	5.33	-299.71460262
3.26	5.34	-299.71539881
3.26	5.35	-299.71913198
3.26	5.36	-299.71508453
3.26	5.37	-299.72846648
3.26	5.38	-299.71912388
3.26	5.39	-299.71462446
3.26	5.4	-299.71798087
3.26	5.41	-299.71879068
  
3.27	5.09	-299.69003316
3.27	5.1	-299.68090674
3.27	5.11	-299.68181653
3.27	5.12	-299.69050746
3.27	5.13	-299.69689886
3.27	5.14	-299.67964221
3.27	5.15	-299.68313060
3.27	5.16	-299.70182578
3.27	5.17	-299.71352431
3.27	5.18	-299.70383947
3.27	5.19	-299.73077905
3.27	5.2	-299.70866534
3.27	5.21	-299.70994500
3.27	5.22	-299.69250797
3.27	5.23	-299.68804021
3.27	5.24	-299.69138896
3.27	5.25	-299.67408183
3.27	5.26	-299.66001901
3.27	5.27	-299.65241063
3.27	5.28	-299.70096993
3.27	5.29	-299.68681434
3.27	5.3	-299.69219297
3.27	5.31	-299.71808374
3.27	5.32	-299.71431607
3.27	5.33	-299.71002884
3.27	5.34	-299.71090399
3.27	5.35	-299.70702869
3.27	5.36	-299.70023249
3.27	5.37	-299.70042060
3.27	5.38	-299.70320439
3.27	5.39	-299.69628880
3.27	5.4	-299.68963674
3.27	5.41	-299.69051125
  
3.28	5.09	-299.68185768
3.28	5.1	-299.69085487
3.28	5.11	-299.69706972
3.28	5.12	-299.70611679
3.28	5.13	-299.69387170
3.28	5.14	-299.68721430
3.28	5.15	-299.69030203
3.28	5.16	-299.68859631
3.28	5.17	-299.69490430
3.28	5.18	-299.68040170
3.28	5.19	-299.69704163
3.28	5.2	-299.69043328
3.28	5.21	-299.69626524
3.28	5.22	-299.68663871
3.28	5.23	-299.69765891
3.28	5.24	-299.68783021
3.28	5.25	-299.68054201
3.28	5.26	-299.67153951
3.28	5.27	-299.68224082
3.28	5.28	-299.68195783
3.28	5.29	-299.69024885
3.28	5.3	-299.70576164
3.28	5.31	-299.70627443
3.28	5.32	-299.70729944
3.28	5.33	-299.69278337
3.28	5.34	-299.69861069
3.28	5.35	-299.68393553
3.28	5.36	-299.67168156
3.28	5.37	-299.67682192
3.28	5.38	-299.67203413
3.28	5.39	-299.68202254
3.28	5.4	-299.67768412
3.28	5.41	-299.66814571
  
3.29	5.09	-299.70365480
3.29	5.1	-299.70224927
3.29	5.11	-299.70540542
3.29	5.12	-299.69847596
3.29	5.13	-299.69641217
3.29	5.14	-299.67909584
3.29	5.15	-299.69772011
3.29	5.16	-299.70069863
3.29	5.17	-299.69660090
3.29	5.18	-299.68959540
3.29	5.19	-299.68477457
3.29	5.2	-299.68804064
3.29	5.21	-299.67821789
3.29	5.22	-299.68624785
3.29	5.23	-299.69182810
3.29	5.24	-299.68723452
3.29	5.25	-299.67483838
3.29	5.26	-299.69109476
3.29	5.27	-299.68848439
3.29	5.28	-299.71129627
3.29	5.29	-299.70693812
3.29	5.3	-299.70184419
3.29	5.31	-299.70184789
3.29	5.32	-299.69526237
3.29	5.33	-299.67558848
3.29	5.34	-299.67836822
3.29	5.35	-299.67606181
3.29	5.36	-299.67618447
3.29	5.37	-299.68085087
3.29	5.38	-299.67345544
3.29	5.39	-299.68139723
3.29	5.4	-299.68416393
3.29	5.41	-299.67439915
  
3.3	5.09	-299.70913366
3.3	5.1	-299.70186019
3.3	5.11	-299.69454595
3.3	5.12	-299.70793730
3.3	5.13	-299.71636507
3.3	5.14	-299.71928889
3.3	5.15	-299.71459927
3.3	5.16	-299.71007059
3.3	5.17	-299.70301284
3.3	5.18	-299.69831898
3.3	5.19	-299.70101510
3.3	5.2	-299.69112665
3.3	5.21	-299.68900004
3.3	5.22	-299.69979268
3.3	5.23	-299.67720462
3.3	5.24	-299.68200293
3.3	5.25	-299.68231634
3.3	5.26	-299.68818454
3.3	5.27	-299.69012922
3.3	5.28	-299.69995100
3.3	5.29	-299.68777842
3.3	5.3	-299.68957672
3.3	5.31	-299.68722870
3.3	5.32	-299.67511879
3.3	5.33	-299.69501768
3.3	5.34	-299.69001129
3.3	5.35	-299.68244445
3.3	5.36	-299.69734646
3.3	5.37	-299.71240627
3.3	5.38	-299.72000892
3.3	5.39	-299.71551231
3.3	5.4	-299.70599752
3.3	5.41	-299.70085821
  
3.31	5.09	-299.70425593
3.31	5.1	-299.70438174
3.31	5.11	-299.71222276
3.31	5.12	-299.71011224
3.31	5.13	-299.69513729
3.31	5.14	-299.70532426
3.31	5.15	-299.70591092
3.31	5.16	-299.69336644
3.31	5.17	-299.69838924
3.31	5.18	-299.68341729
3.31	5.19	-299.68566441
3.31	5.2	-299.70650378
3.31	5.21	-299.70177819
3.31	5.22	-299.68671242
3.31	5.23	-299.67673765
3.31	5.24	-299.68909108
3.31	5.25	-299.67397308
3.31	5.26	-299.67924658
3.31	5.27	-299.68609954
3.31	5.28	-299.70090613
3.31	5.29	-299.70053935
3.31	5.3	-299.70236676
3.31	5.31	-299.73271780
3.31	5.32	-299.71039901
3.31	5.33	-299.70767395
3.31	5.34	-299.69509562
3.31	5.35	-299.70265178
3.31	5.36	-299.70526965
3.31	5.37	-299.72455565
3.31	5.38	-299.72213421
3.31	5.39	-299.70998069
3.31	5.4	-299.68766869
3.31	5.41	-299.68956116
  
