# volume(A^3) energy(Ry)
43.739068	-299.68035144
43.824999	-299.69003324
43.910930	-299.68795714
43.996862	-299.67751179
44.082793	-299.67301946
44.168725	-299.67672902
44.254656	-299.67784588
44.340587	-299.67894597
44.426519	-299.67111023
44.512450	-299.67446982
44.598381	-299.66100844
44.684313	-299.66712453
44.770244	-299.65070019
44.856176	-299.67044183
44.942107	-299.70747832
45.028038	-299.70573089
45.113970	-299.69499552
45.199901	-299.68805072
45.285832	-299.69391359
45.371764	-299.72783627
45.457695	-299.70920503
45.543626	-299.71218731
45.629558	-299.70161736
45.715489	-299.70145678
45.801421	-299.70447201
45.887352	-299.71291704
45.973283	-299.69179032
46.059215	-299.67844893
46.145146	-299.68153379
46.231077	-299.67894935
46.317009	-299.66277041
46.402940	-299.68383128
46.488872	-299.67031017
44.017217	-299.68130264
44.103695	-299.66802296
44.190173	-299.67704041
44.276650	-299.66064489
44.363128	-299.66735791
44.449606	-299.65925090
44.536084	-299.67155630
44.622562	-299.68847525
44.709040	-299.66946410
44.795517	-299.67533946
44.881995	-299.68647789
44.968473	-299.67862859
45.054951	-299.70988991
45.141429	-299.70777209
45.227907	-299.69461997
45.314384	-299.69258942
45.400862	-299.70369592
45.487340	-299.70195088
45.573818	-299.71655818
45.660296	-299.69773922
45.746774	-299.70902947
45.833251	-299.69269988
45.919729	-299.69764606
46.006207	-299.69207739
46.092685	-299.68675185
46.179163	-299.68425677
46.265641	-299.68480315
46.352118	-299.67688547
46.438596	-299.67965139
46.525074	-299.66870530
46.611552	-299.69709146
46.698030	-299.69702824
46.784508	-299.69170725
44.296248	-299.68539311
44.383274	-299.68849466
44.470300	-299.66908837
44.557326	-299.65231284
44.644352	-299.68353090
44.731378	-299.67005326
44.818404	-299.66781842
44.905430	-299.67618516
44.992456	-299.69591790
45.079482	-299.69590643
45.166508	-299.68565902
45.253534	-299.69738044
45.340560	-299.71413957
45.427586	-299.70373347
45.514612	-299.71529823
45.601638	-299.69652851
45.688664	-299.68569207
45.775690	-299.70028576
45.862716	-299.71152839
45.949742	-299.71433038
46.036768	-299.70549503
46.123794	-299.68889286
46.210820	-299.68615130
46.297846	-299.69097655
46.384872	-299.70500686
46.471898	-299.70769712
46.558924	-299.69130187
46.645950	-299.68875088
46.732976	-299.67745191
46.820002	-299.66884333
46.907028	-299.67368784
46.994054	-299.68951295
47.081080	-299.68413871
44.576160	-299.68770355
44.663736	-299.68214826
44.751312	-299.67369040
44.838888	-299.67686349
44.926464	-299.67929063
45.014040	-299.68767030
45.101616	-299.67949767
45.189192	-299.68774347
45.276768	-299.68843273
45.364344	-299.68085732
45.451920	-299.67603284
45.539496	-299.70341732
45.627071	-299.70631652
45.714647	-299.70119700
45.802223	-299.70144043
45.889799	-299.69594465
45.977375	-299.70962897
46.064951	-299.71057283
46.152527	-299.69137781
46.240103	-299.69065912
46.327679	-299.68487658
46.415255	-299.69800925
46.502831	-299.69770000
46.590407	-299.71070418
46.677983	-299.69994611
46.765559	-299.69141505
46.853135	-299.68322210
46.940711	-299.67198974
47.028287	-299.66334626
47.115863	-299.66818938
47.203439	-299.68069002
47.291015	-299.67472255
47.378591	-299.67154192
44.856954	-299.69758329
44.945082	-299.69437544
45.033209	-299.69662237
45.121337	-299.70824482
45.209465	-299.71324961
45.297592	-299.70752791
45.385720	-299.70758177
45.473847	-299.72124022
45.561975	-299.71904331
45.650103	-299.71917974
45.738230	-299.72492320
45.826358	-299.73506737
45.914485	-299.73826580
46.002613	-299.71112107
46.090741	-299.71381565
46.178868	-299.70268194
46.266996	-299.70798219
46.355123	-299.70842195
46.443251	-299.69965498
46.531379	-299.70691878
46.619506	-299.69842030
46.707634	-299.70315206
46.795762	-299.70786802
46.883889	-299.69942119
46.972017	-299.70658244
47.060144	-299.70049552
47.148272	-299.68664931
47.236400	-299.68847820
47.324527	-299.67172828
47.412655	-299.68410283
47.500782	-299.69073526
47.588910	-299.70304592
47.677038	-299.70851436
45.138630	-299.70552885
45.227311	-299.69113633
45.315992	-299.68795694
45.404673	-299.68768044
45.493354	-299.68728422
45.582035	-299.69821497
45.670716	-299.70089922
45.759397	-299.72770983
45.848078	-299.71688738
45.936759	-299.72232787
46.025440	-299.70868189
46.114121	-299.71104185
46.202802	-299.71372113
46.291483	-299.70820763
46.380164	-299.69997053
46.468845	-299.71001304
46.557526	-299.71216828
46.646207	-299.72584376
46.734888	-299.71153126
46.823569	-299.69218560
46.912250	-299.71021165
47.000931	-299.70393997
47.089612	-299.70338415
47.178293	-299.69690496
47.266974	-299.70658889
47.355655	-299.68697868
47.444336	-299.68894122
47.533017	-299.71900064
47.621698	-299.71826817
47.710379	-299.70411035
47.799060	-299.73479036
47.887741	-299.72919093
47.976422	-299.72852377
45.421187	-299.69435045
45.510423	-299.68239857
45.599659	-299.68728088
45.688895	-299.69813912
45.778131	-299.70600349
45.867368	-299.71621538
45.956604	-299.71300323
46.045840	-299.71542007
46.135076	-299.70985396
46.224312	-299.70962913
46.313548	-299.69559886
46.402784	-299.72493329
46.492020	-299.71917034
46.581257	-299.71067024
46.670493	-299.71290775
46.759729	-299.71252842
46.848965	-299.71133498
46.938201	-299.70623707
47.027437	-299.70765017
47.116673	-299.71455528
47.205909	-299.69504178
47.295146	-299.69107365
47.384382	-299.71129542
47.473618	-299.70477926
47.562854	-299.69588518
47.652090	-299.70492089
47.741326	-299.70151974
47.830562	-299.70547987
47.919798	-299.70228265
48.009035	-299.71969178
48.098271	-299.73402386
48.187507	-299.72299014
48.276743	-299.73263880
45.704626	-299.67496743
45.794419	-299.67912223
45.884212	-299.69493534
45.974005	-299.70533310
46.063798	-299.70980473
46.153591	-299.71458908
46.243384	-299.70883067
46.333177	-299.71367267
46.422970	-299.70794108
46.512763	-299.71796969
46.602556	-299.72554813
46.692349	-299.72461382
46.782142	-299.72114921
46.871934	-299.74703421
46.961727	-299.73872447
47.051520	-299.73528224
47.141313	-299.73410337
47.231106	-299.72926766
47.320899	-299.71996820
47.410692	-299.70800205
47.500485	-299.70400462
47.590278	-299.72126535
47.680071	-299.71439121
47.769864	-299.71809741
47.859657	-299.71167790
47.949450	-299.70508767
48.039243	-299.70454075
48.129036	-299.70106580
48.218829	-299.70486814
48.308622	-299.71916545
48.398415	-299.73115533
48.488208	-299.73001549
48.578001	-299.72658499
45.988946	-299.69748909
46.079298	-299.71591623
46.169649	-299.70454507
46.260001	-299.71170051
46.350353	-299.73776986
46.440704	-299.73443068
46.531056	-299.74191604
46.621407	-299.73844152
46.711759	-299.73569536
46.802110	-299.72437795
46.892462	-299.71783538
46.982813	-299.73018673
47.073165	-299.72929129
47.163517	-299.72332936
47.253868	-299.72533269
47.344220	-299.70346244
47.434571	-299.71811730
47.524923	-299.70981615
47.615274	-299.70074892
47.705626	-299.72159867
47.795978	-299.71725072
47.886329	-299.72103568
47.976681	-299.70915197
48.067032	-299.71022023
48.157384	-299.69874358
48.247735	-299.71536883
48.338087	-299.71466472
48.428438	-299.72103557
48.518790	-299.70954067
48.609142	-299.71328343
48.699493	-299.72749313
48.789845	-299.70057620
48.880196	-299.69947521
46.274148	-299.71229341
46.365060	-299.71126710
46.455972	-299.72633187
46.546884	-299.73096135
46.637796	-299.73293873
46.728708	-299.73486846
46.819620	-299.73932896
46.910532	-299.73854296
47.001443	-299.72737764
47.092355	-299.72895920
47.183267	-299.71965205
47.274179	-299.72080375
47.365091	-299.72496265
47.456003	-299.72417788
47.546915	-299.71547635
47.637827	-299.70625503
47.728738	-299.71522150
47.819650	-299.70413581
47.910562	-299.69975327
48.001474	-299.68496093
48.092386	-299.69092372
48.183298	-299.68158301
48.274210	-299.67955699
48.365122	-299.68080724
48.456034	-299.68963226
48.546945	-299.69581509
48.637857	-299.69459023
48.728769	-299.69334224
48.819681	-299.69760017
48.910593	-299.70852073
49.001505	-299.69432276
49.092417	-299.69565657
49.183329	-299.69135345
46.560232	-299.71634222
46.651706	-299.72888219
46.743180	-299.72810309
46.834654	-299.72146905
46.926128	-299.73100239
47.017602	-299.72753687
47.109076	-299.70791902
47.200550	-299.71745869
47.292024	-299.70030983
47.383497	-299.69093139
47.474971	-299.69448082
47.566445	-299.70622878
47.657919	-299.70017685
47.749393	-299.70422679
47.840867	-299.68483418
47.932341	-299.71143753
48.023815	-299.71527359
48.115289	-299.69880441
48.206763	-299.68384600
48.298237	-299.67145975
48.389711	-299.67468499
48.481185	-299.68337876
48.572659	-299.66826850
48.664133	-299.69519317
48.755606	-299.70873873
48.847080	-299.71215131
48.938554	-299.71563632
49.030028	-299.71934576
49.121502	-299.71239919
49.212976	-299.73387955
49.304450	-299.72733392
49.395924	-299.71792800
49.487398	-299.72923701
46.847197	-299.69611137
46.939235	-299.69480955
47.031273	-299.68841249
47.123310	-299.68961070
47.215348	-299.68825388
47.307386	-299.68701200
47.399424	-299.69351924
47.491461	-299.69441590
47.583499	-299.68233611
47.675537	-299.68591250
47.767575	-299.71025070
47.859612	-299.71397222
47.951650	-299.72067470
48.043688	-299.71176907
48.135725	-299.70249026
48.227763	-299.69799152
48.319801	-299.70130566
48.411839	-299.68975522
48.503876	-299.67968517
48.595914	-299.67750313
48.687952	-299.68852187
48.779989	-299.70452509
48.872027	-299.70519341
48.964065	-299.71378953
49.056103	-299.71460262
49.148140	-299.71539881
49.240178	-299.71913198
49.332216	-299.71508453
49.424253	-299.72846648
49.516291	-299.71912388
49.608329	-299.71462446
49.700367	-299.71798087
49.792404	-299.71879068
47.135044	-299.69003316
47.227648	-299.68090674
47.320251	-299.68181653
47.412854	-299.69050746
47.505457	-299.69689886
47.598060	-299.67964221
47.690664	-299.68313060
47.783267	-299.70182578
47.875870	-299.71352431
47.968473	-299.70383947
48.061077	-299.73077905
48.153680	-299.70866534
48.246283	-299.70994500
48.338886	-299.69250797
48.431489	-299.68804021
48.524093	-299.69138896
48.616696	-299.67408183
48.709299	-299.66001901
48.801902	-299.65241063
48.894506	-299.70096993
48.987109	-299.68681434
49.079712	-299.69219297
49.172315	-299.71808374
49.264919	-299.71431607
49.357522	-299.71002884
49.450125	-299.71090399
49.542728	-299.70702869
49.635331	-299.70023249
49.727935	-299.70042060
49.820538	-299.70320439
49.913141	-299.69628880
50.005744	-299.68963674
50.098348	-299.69051125
47.423773	-299.68185768
47.516943	-299.69085487
47.610114	-299.69706972
47.703284	-299.70611679
47.796455	-299.69387170
47.889625	-299.68721430
47.982796	-299.69030203
48.075966	-299.68859631
48.169137	-299.69490430
48.262307	-299.68040170
48.355478	-299.69704163
48.448648	-299.69043328
48.541819	-299.69626524
48.634989	-299.68663871
48.728159	-299.69765891
48.821330	-299.68783021
48.914500	-299.68054201
49.007671	-299.67153951
49.100841	-299.68224082
49.194012	-299.68195783
49.287182	-299.69024885
49.380353	-299.70576164
49.473523	-299.70627443
49.566694	-299.70729944
49.659864	-299.69278337
49.753035	-299.69861069
49.846205	-299.68393553
49.939376	-299.67168156
50.032546	-299.67682192
50.125717	-299.67203413
50.218887	-299.68202254
50.312058	-299.67768412
50.405228	-299.66814571
47.713383	-299.70365480
47.807122	-299.70224927
47.900862	-299.70540542
47.994601	-299.69847596
48.088341	-299.69641217
48.182080	-299.67909584
48.275820	-299.69772011
48.369559	-299.70069863
48.463299	-299.69660090
48.557038	-299.68959540
48.650778	-299.68477457
48.744517	-299.68804064
48.838256	-299.67821789
48.931996	-299.68624785
49.025735	-299.69182810
49.119475	-299.68723452
49.213214	-299.67483838
49.306954	-299.69109476
49.400693	-299.68848439
49.494433	-299.71129627
49.588172	-299.70693812
49.681912	-299.70184419
49.775651	-299.70184789
49.869390	-299.69526237
49.963130	-299.67558848
50.056869	-299.67836822
50.150609	-299.67606181
50.244348	-299.67618447
50.338088	-299.68085087
50.431827	-299.67345544
50.525567	-299.68139723
50.619306	-299.68416393
50.713046	-299.67439915
48.003875	-299.70913366
48.098185	-299.70186019
48.192495	-299.69454595
48.286805	-299.70793730
48.381115	-299.71636507
48.475426	-299.71928889
48.569736	-299.71459927
48.664046	-299.71007059
48.758356	-299.70301284
48.852666	-299.69831898
48.946976	-299.70101510
49.041287	-299.69112665
49.135597	-299.68900004
49.229907	-299.69979268
49.324217	-299.67720462
49.418527	-299.68200293
49.512837	-299.68231634
49.607148	-299.68818454
49.701458	-299.69012922
49.795768	-299.69995100
49.890078	-299.68777842
49.984388	-299.68957672
50.078698	-299.68722870
50.173009	-299.67511879
50.267319	-299.69501768
50.361629	-299.69001129
50.455939	-299.68244445
50.550249	-299.69734646
50.644559	-299.71240627
50.738870	-299.72000892
50.833180	-299.71551231
50.927490	-299.70599752
51.021800	-299.70085821
48.295248	-299.70425593
48.390131	-299.70438174
48.485013	-299.71222276
48.579896	-299.71011224
48.674779	-299.69513729
48.769661	-299.70532426
48.864544	-299.70591092
48.959426	-299.69336644
49.054309	-299.69838924
49.149192	-299.68341729
49.244074	-299.68566441
49.338957	-299.70650378
49.433839	-299.70177819
49.528722	-299.68671242
49.623605	-299.67673765
49.718487	-299.68909108
49.813370	-299.67397308
49.908252	-299.67924658
50.003135	-299.68609954
50.098018	-299.70090613
50.192900	-299.70053935
50.287783	-299.70236676
50.382666	-299.73271780
50.477548	-299.71039901
50.572431	-299.70767395
50.667313	-299.69509562
50.762196	-299.70265178
50.857079	-299.70526965
50.951961	-299.72455565
51.046844	-299.72213421
51.141726	-299.70998069
51.236609	-299.68766869
51.331492	-299.68956116
