#  E (eV)   dos(E)     Int dos(E) EFermi =    6.214 eV
 -10.000  0.0000E+00  0.0000E+00
  -9.900  0.0000E+00  0.0000E+00
  -9.800  0.0000E+00  0.0000E+00
  -9.700  0.0000E+00  0.0000E+00
  -9.600  0.0000E+00  0.0000E+00
  -9.500  0.0000E+00  0.0000E+00
  -9.400  0.0000E+00  0.0000E+00
  -9.300  0.0000E+00  0.0000E+00
  -9.200  0.0000E+00  0.0000E+00
  -9.100  0.0000E+00  0.0000E+00
  -9.000  0.0000E+00  0.0000E+00
  -8.900  0.0000E+00  0.0000E+00
  -8.800  0.0000E+00  0.0000E+00
  -8.700  0.0000E+00  0.0000E+00
  -8.600  0.0000E+00  0.0000E+00
  -8.500  0.0000E+00  0.0000E+00
  -8.400  0.0000E+00  0.0000E+00
  -8.300  0.0000E+00  0.0000E+00
  -8.200  0.0000E+00  0.0000E+00
  -8.100  0.0000E+00  0.0000E+00
  -8.000  0.0000E+00  0.0000E+00
  -7.900  0.0000E+00  0.0000E+00
  -7.800  0.0000E+00  0.0000E+00
  -7.700  0.0000E+00  0.0000E+00
  -7.600  0.0000E+00  0.0000E+00
  -7.500  0.0000E+00  0.0000E+00
  -7.400  0.0000E+00  0.0000E+00
  -7.300  0.0000E+00  0.0000E+00
  -7.200  0.0000E+00  0.0000E+00
  -7.100  0.0000E+00  0.0000E+00
  -7.000  0.0000E+00  0.0000E+00
  -6.900  0.0000E+00  0.0000E+00
  -6.800  0.0000E+00  0.0000E+00
  -6.700  0.0000E+00  0.0000E+00
  -6.600  0.0000E+00  0.0000E+00
  -6.500  0.0000E+00  0.0000E+00
  -6.400  0.0000E+00  0.0000E+00
  -6.300  0.0000E+00  0.0000E+00
  -6.200  0.0000E+00  0.0000E+00
  -6.100  0.0000E+00  0.0000E+00
  -6.000  0.0000E+00  0.0000E+00
  -5.900  0.0000E+00  0.0000E+00
  -5.800  0.6774E-01  0.4502E-03
  -5.700  0.1136E+00  0.8687E-02
  -5.600  0.1572E+00  0.2235E-01
  -5.500  0.1897E+00  0.3994E-01
  -5.400  0.2210E+00  0.6072E-01
  -5.300  0.2483E+00  0.8412E-01
  -5.200  0.2710E+00  0.1103E+00
  -5.100  0.2971E+00  0.1387E+00
  -5.000  0.3183E+00  0.1695E+00
  -4.900  0.3410E+00  0.2024E+00
  -4.800  0.3618E+00  0.2376E+00
  -4.700  0.3815E+00  0.2748E+00
  -4.600  0.4055E+00  0.3142E+00
  -4.500  0.4238E+00  0.3556E+00
  -4.400  0.4454E+00  0.3990E+00
  -4.300  0.4686E+00  0.4448E+00
  -4.200  0.4895E+00  0.4926E+00
  -4.100  0.5143E+00  0.5428E+00
  -4.000  0.5404E+00  0.5956E+00
  -3.900  0.5672E+00  0.6509E+00
  -3.800  0.6007E+00  0.7093E+00
  -3.700  0.6397E+00  0.7712E+00
  -3.600  0.6889E+00  0.8375E+00
  -3.500  0.7748E+00  0.9103E+00
  -3.400  0.8724E+00  0.9953E+00
  -3.300  0.8468E+00  0.1082E+01
  -3.200  0.8113E+00  0.1165E+01
  -3.100  0.7844E+00  0.1245E+01
  -3.000  0.7459E+00  0.1321E+01
  -2.900  0.7136E+00  0.1394E+01
  -2.800  0.6828E+00  0.1464E+01
  -2.700  0.6493E+00  0.1530E+01
  -2.600  0.6136E+00  0.1593E+01
  -2.500  0.5839E+00  0.1653E+01
  -2.400  0.5444E+00  0.1710E+01
  -2.300  0.5099E+00  0.1762E+01
  -2.200  0.4756E+00  0.1812E+01
  -2.100  0.4390E+00  0.1857E+01
  -2.000  0.4148E+00  0.1900E+01
  -1.900  0.3736E+00  0.1939E+01
  -1.800  0.2752E+00  0.1972E+01
  -1.700  0.1159E+00  0.1992E+01
  -1.600  0.2948E-01  0.1999E+01
  -1.500  0.2767E-01  0.2001E+01
  -1.400  0.8826E-01  0.2006E+01
  -1.300  0.1894E+00  0.2020E+01
  -1.200  0.2964E+00  0.2044E+01
  -1.100  0.3609E+00  0.2078E+01
  -1.000  0.4162E+00  0.2116E+01
  -0.900  0.4781E+00  0.2161E+01
  -0.800  0.6622E+00  0.2214E+01
  -0.700  0.1090E+01  0.2302E+01
  -0.600  0.1883E+01  0.2451E+01
  -0.500  0.1178E+01  0.2601E+01
  -0.400  0.9446E+00  0.2705E+01
  -0.300  0.8175E+00  0.2793E+01
  -0.200  0.7289E+00  0.2870E+01
  -0.100  0.6637E+00  0.2940E+01
   0.000  0.6115E+00  0.3003E+01
   0.100  0.5655E+00  0.3062E+01
   0.200  0.5270E+00  0.3117E+01
   0.300  0.4947E+00  0.3168E+01
   0.400  0.4635E+00  0.3215E+01
   0.500  0.4355E+00  0.3260E+01
   0.600  0.4111E+00  0.3303E+01
   0.700  0.3898E+00  0.3343E+01
   0.800  0.3672E+00  0.3381E+01
   0.900  0.3470E+00  0.3416E+01
   1.000  0.3291E+00  0.3450E+01
   1.100  0.3138E+00  0.3482E+01
   1.200  0.2960E+00  0.3513E+01
   1.300  0.2803E+00  0.3541E+01
   1.400  0.2663E+00  0.3569E+01
   1.500  0.2542E+00  0.3595E+01
   1.600  0.2406E+00  0.3620E+01
   1.700  0.2305E+00  0.3643E+01
   1.800  0.5789E+00  0.3684E+01
   1.900  0.8236E+00  0.3755E+01
   2.000  0.1249E+01  0.3857E+01
   2.100  0.1187E+01  0.3980E+01
   2.200  0.1087E+01  0.4094E+01
   2.300  0.1028E+01  0.4199E+01
   2.400  0.1005E+01  0.4300E+01
   2.500  0.9815E+00  0.4399E+01
   2.600  0.1011E+01  0.4499E+01
   2.700  0.1028E+01  0.4601E+01
   2.800  0.1049E+01  0.4705E+01
   2.900  0.1082E+01  0.4811E+01
   3.000  0.1127E+01  0.4922E+01
   3.100  0.1195E+01  0.5038E+01
   3.200  0.1258E+01  0.5160E+01
   3.300  0.1482E+01  0.5297E+01
   3.400  0.1494E+01  0.5449E+01
   3.500  0.1466E+01  0.5597E+01
   3.600  0.1458E+01  0.5743E+01
   3.700  0.1406E+01  0.5885E+01
   3.800  0.1392E+01  0.6025E+01
   3.900  0.1352E+01  0.6162E+01
   4.000  0.1328E+01  0.6296E+01
   4.100  0.1314E+01  0.6428E+01
   4.200  0.1283E+01  0.6558E+01
   4.300  0.1254E+01  0.6684E+01
   4.400  0.1232E+01  0.6809E+01
   4.500  0.1224E+01  0.6932E+01
   4.600  0.1199E+01  0.7053E+01
   4.700  0.1166E+01  0.7171E+01
   4.800  0.1181E+01  0.7287E+01
   4.900  0.1138E+01  0.7403E+01
   5.000  0.9715E+00  0.7512E+01
   5.100  0.7752E+00  0.7598E+01
   5.200  0.6728E+00  0.7670E+01
   5.300  0.5702E+00  0.7731E+01
   5.400  0.4913E+00  0.7785E+01
   5.500  0.4493E+00  0.7832E+01
   5.600  0.3758E+00  0.7872E+01
   5.700  0.3169E+00  0.7907E+01
   5.800  0.2759E+00  0.7937E+01
   5.900  0.2086E+00  0.7961E+01
   6.000  0.1653E+00  0.7981E+01
   6.100  0.9864E-01  0.7995E+01
   6.200  0.4536E-02  0.8000E+01
   6.300  0.0000E+00  0.8000E+01
   6.400  0.0000E+00  0.8000E+01
   6.500  0.0000E+00  0.8000E+01
   6.600  0.0000E+00  0.8000E+01
   6.700  0.0000E+00  0.8000E+01
   6.800  0.6208E-01  0.8002E+01
   6.900  0.1723E+00  0.8014E+01
   7.000  0.2418E+00  0.8034E+01
   7.100  0.3137E+00  0.8063E+01
   7.200  0.3684E+00  0.8097E+01
   7.300  0.4258E+00  0.8137E+01
   7.400  0.4803E+00  0.8183E+01
   7.500  0.5407E+00  0.8234E+01
   7.600  0.5836E+00  0.8290E+01
   7.700  0.6256E+00  0.8351E+01
   7.800  0.6874E+00  0.8416E+01
   7.900  0.7790E+00  0.8489E+01
   8.000  0.8889E+00  0.8574E+01
   8.100  0.9995E+00  0.8668E+01
   8.200  0.1125E+01  0.8773E+01
   8.300  0.1279E+01  0.8893E+01
   8.400  0.1517E+01  0.9032E+01
   8.500  0.1694E+01  0.9197E+01
   8.600  0.1626E+01  0.9361E+01
   8.700  0.1581E+01  0.9521E+01
   8.800  0.1471E+01  0.9678E+01
   8.900  0.1259E+01  0.9813E+01
   9.000  0.1202E+01  0.9936E+01
   9.100  0.1133E+01  0.1005E+02
   9.200  0.1079E+01  0.1016E+02
   9.300  0.8728E+00  0.1026E+02
   9.400  0.9923E+00  0.1035E+02
   9.500  0.1975E+01  0.1050E+02
   9.600  0.2160E+01  0.1071E+02
   9.700  0.1846E+01  0.1092E+02
   9.800  0.1765E+01  0.1109E+02
   9.900  0.1853E+01  0.1127E+02
  10.000  0.1802E+01  0.1146E+02
  10.100  0.1658E+01  0.1163E+02
  10.200  0.1309E+01  0.1178E+02
  10.300  0.1162E+01  0.1190E+02
  10.400  0.1135E+01  0.1202E+02
  10.500  0.1131E+01  0.1213E+02
  10.600  0.1176E+01  0.1225E+02
  10.700  0.1244E+01  0.1237E+02
  10.800  0.1274E+01  0.1250E+02
  10.900  0.1212E+01  0.1262E+02
  11.000  0.1175E+01  0.1274E+02
  11.100  0.1206E+01  0.1286E+02
  11.200  0.1246E+01  0.1298E+02
  11.300  0.1220E+01  0.1310E+02
  11.400  0.1184E+01  0.1322E+02
  11.500  0.1169E+01  0.1334E+02
  11.600  0.1209E+01  0.1346E+02
  11.700  0.1165E+01  0.1358E+02
  11.800  0.1146E+01  0.1370E+02
  11.900  0.1141E+01  0.1381E+02
  12.000  0.1078E+01  0.1392E+02
  12.100  0.1049E+01  0.1403E+02
  12.200  0.1053E+01  0.1413E+02
  12.300  0.1024E+01  0.1424E+02
  12.400  0.9773E+00  0.1434E+02
  12.500  0.9417E+00  0.1443E+02
  12.600  0.9462E+00  0.1453E+02
  12.700  0.9820E+00  0.1462E+02
  12.800  0.1157E+01  0.1473E+02
  12.900  0.1419E+01  0.1486E+02
  13.000  0.1409E+01  0.1500E+02
  13.100  0.1346E+01  0.1514E+02
  13.200  0.1196E+01  0.1527E+02
  13.300  0.1079E+01  0.1538E+02
  13.400  0.1012E+01  0.1548E+02
  13.500  0.1054E+01  0.1559E+02
  13.600  0.1106E+01  0.1569E+02
  13.700  0.1177E+01  0.1581E+02
  13.800  0.1223E+01  0.1593E+02
  13.900  0.1543E+01  0.1606E+02
  14.000  0.1363E+01  0.1620E+02
  14.100  0.1276E+01  0.1633E+02
  14.200  0.1234E+01  0.1646E+02
  14.300  0.1112E+01  0.1658E+02
  14.400  0.1107E+01  0.1669E+02
  14.500  0.1125E+01  0.1680E+02
  14.600  0.1163E+01  0.1691E+02
  14.700  0.1143E+01  0.1703E+02
  14.800  0.1145E+01  0.1714E+02
  14.900  0.1161E+01  0.1726E+02
  15.000  0.1224E+01  0.1737E+02
  15.100  0.1288E+01  0.1750E+02
  15.200  0.1237E+01  0.1763E+02
  15.300  0.1195E+01  0.1775E+02
  15.400  0.1174E+01  0.1787E+02
  15.500  0.1184E+01  0.1798E+02
  15.600  0.1178E+01  0.1810E+02
  15.700  0.1146E+01  0.1822E+02
  15.800  0.1134E+01  0.1833E+02
  15.900  0.1141E+01  0.1845E+02
  16.000  0.1142E+01  0.1856E+02
  16.100  0.1145E+01  0.1868E+02
  16.200  0.1147E+01  0.1879E+02
  16.300  0.1099E+01  0.1890E+02
  16.400  0.1091E+01  0.1901E+02
  16.500  0.1072E+01  0.1912E+02
  16.600  0.1011E+01  0.1923E+02
  16.700  0.9315E+00  0.1932E+02
  16.800  0.8708E+00  0.1941E+02
  16.900  0.8426E+00  0.1950E+02
  17.000  0.8503E+00  0.1958E+02
  17.100  0.8732E+00  0.1967E+02
  17.200  0.8895E+00  0.1976E+02
  17.300  0.7849E+00  0.1984E+02
  17.400  0.4489E+00  0.1990E+02
  17.500  0.2994E+00  0.1994E+02
  17.600  0.2167E+00  0.1996E+02
  17.700  0.1520E+00  0.1998E+02
  17.800  0.9813E-01  0.1999E+02
  17.900  0.7990E-02  0.2000E+02
  18.000  0.0000E+00  0.2000E+02
  18.100  0.0000E+00  0.2000E+02
  18.200  0.0000E+00  0.2000E+02
  18.300  0.0000E+00  0.2000E+02
  18.400  0.0000E+00  0.2000E+02
  18.500  0.0000E+00  0.2000E+02
  18.600  0.0000E+00  0.2000E+02
  18.700  0.0000E+00  0.2000E+02
  18.800  0.0000E+00  0.2000E+02
  18.900  0.0000E+00  0.2000E+02
  19.000  0.0000E+00  0.2000E+02
  19.100  0.0000E+00  0.2000E+02
  19.200  0.0000E+00  0.2000E+02
  19.300  0.0000E+00  0.2000E+02
  19.400  0.0000E+00  0.2000E+02
  19.500  0.0000E+00  0.2000E+02
  19.600  0.0000E+00  0.2000E+02
  19.700  0.0000E+00  0.2000E+02
  19.800  0.0000E+00  0.2000E+02
  19.900  0.0000E+00  0.2000E+02
  20.000  0.0000E+00  0.2000E+02
