# energy grid [eV]  eels components [arbitrary units]
#
    0.050000000    0.000020411    0.000020411    0.000020411
    0.150000000    0.000061272    0.000061272    0.000061272
    0.250000000    0.000102257    0.000102257    0.000102257
    0.350000000    0.000143448    0.000143448    0.000143448
    0.450000000    0.000184934    0.000184934    0.000184934
    0.550000000    0.000226809    0.000226809    0.000226809
    0.650000000    0.000269176    0.000269176    0.000269176
    0.750000000    0.000312148    0.000312148    0.000312148
    0.850000000    0.000355853    0.000355853    0.000355853
    0.950000000    0.000400437    0.000400437    0.000400437
    1.050000000    0.000446073    0.000446073    0.000446073
    1.150000000    0.000492965    0.000492965    0.000492965
    1.250000000    0.000541360    0.000541360    0.000541360
    1.350000000    0.000591565    0.000591565    0.000591565
    1.450000000    0.000643970    0.000643970    0.000643970
    1.550000000    0.000699080    0.000699080    0.000699080
    1.650000000    0.000757570    0.000757570    0.000757570
    1.750000000    0.000820368    0.000820368    0.000820368
    1.850000000    0.000888805    0.000888805    0.000888805
    1.950000000    0.000964870    0.000964870    0.000964870
    2.050000000    0.001051721    0.001051721    0.001051721
    2.150000000    0.001154758    0.001154758    0.001154758
    2.250000000    0.001284271    0.001284271    0.001284271
    2.350000000    0.001463393    0.001463393    0.001463393
    2.450000000    0.001762452    0.001762452    0.001762452
    2.550000000    0.002575449    0.002575449    0.002575449
    2.650000000    0.004453325    0.004453325    0.004453325
    2.750000000    0.006972079    0.006972079    0.006972079
    2.850000000    0.011809026    0.011809026    0.011809026
    2.950000000    0.014151694    0.014151694    0.014151694
    3.050000000    0.015602579    0.015602579    0.015602579
    3.150000000    0.016733146    0.016733146    0.016733146
    3.250000000    0.017326692    0.017326692    0.017326692
    3.350000000    0.016778511    0.016778511    0.016778511
    3.450000000    0.016459348    0.016459348    0.016459348
    3.550000000    0.014596401    0.014596401    0.014596401
    3.650000000    0.015029684    0.015029684    0.015029684
    3.750000000    0.014892907    0.014892907    0.014892907
    3.850000000    0.016545347    0.016545347    0.016545347
    3.950000000    0.019721009    0.019721009    0.019721009
    4.050000000    0.023713223    0.023713223    0.023713223
    4.150000000    0.027803566    0.027803566    0.027803566
    4.250000000    0.030447232    0.030447232    0.030447232
    4.350000000    0.036379642    0.036379642    0.036379642
    4.450000000    0.036234997    0.036234997    0.036234997
    4.550000000    0.033812730    0.033812730    0.033812730
    4.650000000    0.034975436    0.034975436    0.034975436
    4.750000000    0.034468463    0.034468463    0.034468463
    4.850000000    0.035813091    0.035813090    0.035813090
    4.950000000    0.038574887    0.038574887    0.038574887
    5.050000000    0.043985327    0.043985327    0.043985327
    5.150000000    0.040450464    0.040450464    0.040450464
    5.250000000    0.041119354    0.041119354    0.041119354
    5.350000000    0.046128614    0.046128614    0.046128614
    5.450000000    0.046156601    0.046156601    0.046156601
    5.550000000    0.043927050    0.043927050    0.043927050
    5.650000000    0.046707939    0.046707939    0.046707939
    5.750000000    0.054649453    0.054649453    0.054649453
    5.850000000    0.050375936    0.050375936    0.050375936
    5.950000000    0.046325057    0.046325056    0.046325056
    6.050000000    0.053898604    0.053898604    0.053898604
    6.150000000    0.063361582    0.063361582    0.063361582
    6.250000000    0.053641672    0.053641672    0.053641672
    6.350000000    0.053992011    0.053992011    0.053992011
    6.450000000    0.064184507    0.064184506    0.064184507
    6.550000000    0.068413815    0.068413815    0.068413815
    6.650000000    0.064223133    0.064223133    0.064223133
    6.750000000    0.067481585    0.067481584    0.067481584
    6.850000000    0.080332703    0.080332703    0.080332703
    6.950000000    0.078167741    0.078167741    0.078167741
    7.050000000    0.074676510    0.074676510    0.074676510
    7.150000000    0.078454491    0.078454491    0.078454491
    7.250000000    0.084475373    0.084475372    0.084475372
    7.350000000    0.082450160    0.082450160    0.082450160
    7.450000000    0.077359887    0.077359887    0.077359887
    7.550000000    0.079713070    0.079713069    0.079713070
    7.650000000    0.090572952    0.090572951    0.090572951
    7.750000000    0.092610483    0.092610483    0.092610483
    7.850000000    0.084881955    0.084881955    0.084881955
    7.950000000    0.089487141    0.089487141    0.089487141
    8.050000000    0.096399169    0.096399168    0.096399168
    8.150000000    0.094552938    0.094552938    0.094552938
    8.250000000    0.093313915    0.093313914    0.093313914
    8.350000000    0.095571051    0.095571051    0.095571051
    8.450000000    0.101434130    0.101434130    0.101434130
    8.550000000    0.104911080    0.104911080    0.104911080
    8.650000000    0.100670737    0.100670737    0.100670737
    8.750000000    0.098258276    0.098258275    0.098258275
    8.850000000    0.104993466    0.104993466    0.104993466
    8.950000000    0.107907651    0.107907651    0.107907651
    9.050000000    0.110374209    0.110374208    0.110374208
    9.150000000    0.109080546    0.109080545    0.109080545
    9.250000000    0.114036123    0.114036122    0.114036122
    9.350000000    0.117829430    0.117829429    0.117829429
    9.450000000    0.124688769    0.124688768    0.124688769
    9.550000000    0.121377783    0.121377782    0.121377782
    9.650000000    0.126661014    0.126661013    0.126661013
    9.750000000    0.131065479    0.131065477    0.131065478
    9.850000000    0.137629961    0.137629960    0.137629960
    9.950000000    0.136099323    0.136099322    0.136099322
   10.050000000    0.140373080    0.140373079    0.140373079
   10.150000000    0.147030304    0.147030302    0.147030303
   10.250000000    0.149473369    0.149473368    0.149473368
   10.350000000    0.155305195    0.155305193    0.155305194
   10.450000000    0.159217063    0.159217061    0.159217062
   10.550000000    0.155805819    0.155805817    0.155805817
   10.650000000    0.164319264    0.164319262    0.164319263
   10.750000000    0.182404794    0.182404792    0.182404793
   10.850000000    0.170425698    0.170425695    0.170425696
   10.950000000    0.177250211    0.177250209    0.177250210
   11.050000000    0.188359376    0.188359373    0.188359374
   11.150000000    0.194371048    0.194371045    0.194371046
   11.250000000    0.196632409    0.196632406    0.196632408
   11.350000000    0.203598851    0.203598848    0.203598849
   11.450000000    0.210108341    0.210108337    0.210108339
   11.550000000    0.226226151    0.226226147    0.226226148
   11.650000000    0.228775580    0.228775576    0.228775578
   11.750000000    0.232097215    0.232097211    0.232097213
   11.850000000    0.239456976    0.239456972    0.239456974
   11.950000000    0.247745016    0.247745011    0.247745013
   12.050000000    0.247709140    0.247709135    0.247709137
   12.150000000    0.246073993    0.246073988    0.246073990
   12.250000000    0.267673969    0.267673964    0.267673966
   12.350000000    0.273115376    0.273115370    0.273115373
   12.450000000    0.281319611    0.281319605    0.281319607
   12.550000000    0.303145986    0.303145979    0.303145982
   12.650000000    0.302577876    0.302577869    0.302577872
   12.750000000    0.324982709    0.324982701    0.324982705
   12.850000000    0.342440326    0.342440318    0.342440321
   12.950000000    0.348355368    0.348355359    0.348355363
   13.050000000    0.354964225    0.354964215    0.354964219
   13.150000000    0.361526424    0.361526414    0.361526418
   13.250000000    0.395221201    0.395221189    0.395221194
   13.350000000    0.404968907    0.404968894    0.404968899
   13.450000000    0.417302744    0.417302731    0.417302736
   13.550000000    0.426641035    0.426641021    0.426641027
   13.650000000    0.444317171    0.444317156    0.444317162
   13.750000000    0.474423850    0.474423833    0.474423840
   13.850000000    0.494387740    0.494387722    0.494387730
   13.950000000    0.498579531    0.498579512    0.498579520
   14.050000000    0.532643235    0.532643214    0.532643222
   14.150000000    0.552098042    0.552098020    0.552098029
   14.250000000    0.594322943    0.594322918    0.594322929
   14.350000000    0.609476312    0.609476285    0.609476297
   14.450000000    0.665659636    0.665659605    0.665659618
   14.550000000    0.693116892    0.693116860    0.693116873
   14.650000000    0.697761524    0.697761491    0.697761505
   14.750000000    0.710921164    0.710921128    0.710921143
   14.850000000    0.751025745    0.751025707    0.751025722
   14.950000000    0.768963861    0.768963821    0.768963837
   15.050000000    0.787609522    0.787609479    0.787609497
   15.150000000    0.820309755    0.820309708    0.820309728
   15.250000000    0.853962908    0.853962857    0.853962878
   15.350000000    0.906289036    0.906288980    0.906289003
   15.450000000    0.949608527    0.949608467    0.949608492
   15.550000000    0.954865191    0.954865127    0.954865154
   15.650000000    1.024543639    1.024543567    1.024543597
   15.750000000    1.106876013    1.106875933    1.106875966
   15.850000000    1.109251723    1.109251641    1.109251675
   15.950000000    1.116105245    1.116105158    1.116105194
   16.050000000    1.206440944    1.206440843    1.206440885
   16.150000000    1.252021813    1.252021701    1.252021748
   16.250000000    1.384007069    1.384006941    1.384006994
   16.350000000    1.441684270    1.441684132    1.441684189
   16.450000000    1.514398203    1.514398046    1.514398111
   16.550000000    1.665796051    1.665795866    1.665795943
   16.650000000    1.888759149    1.888758937    1.888759025
   16.750000000    2.002367697    2.002367465    2.002367561
   16.850000000    2.111543616    2.111543366    2.111543469
   16.950000000    2.199065108    2.199064833    2.199064948
   17.050000000    2.326743488    2.326743185    2.326743312
   17.150000000    2.480919918    2.480919569    2.480919715
   17.250000000    2.736361182    2.736360764    2.736360939
   17.350000000    3.032934328    3.032933856    3.032934053
   17.450000000    3.172236287    3.172235768    3.172235986
   17.550000000    3.440091131    3.440090509    3.440090770
   17.650000000    3.922048515    3.922047720    3.922048054
   17.750000000    4.831892656    4.831891648    4.831892071
   17.850000000    5.302402338    5.302401232    5.302401695
   17.950000000    5.853321732    5.853320473    5.853321002
   18.050000000    7.196968116    7.196966436    7.196967141
   18.150000000    8.395386915    8.395385310    8.395385979
   18.250000000    9.151147064    9.151145822    9.151146342
   18.350000000    9.223111081    9.223110213    9.223110578
   18.450000000   10.236887491   10.236886158   10.236886720
   18.550000000   12.898208060   12.898207780   12.898207902
   18.650000000   12.296167542   12.296169536   12.296168698
   18.750000000   10.767167375   10.767169848   10.767168812
   18.850000000    9.937636239    9.937639045    9.937637858
   18.950000000    8.940735236    8.940738562    8.940737157
   19.050000000    6.802380263    6.802382885    6.802381783
   19.150000000    5.608718042    5.608720137    5.608719254
   19.250000000    4.934341895    4.934343657    4.934342912
   19.350000000    4.447370239    4.447371778    4.447371126
   19.450000000    3.906493105    3.906494483    3.906493900
   19.550000000    3.445767621    3.445768792    3.445768299
   19.650000000    3.036912233    3.036913239    3.036912817
   19.750000000    2.820374919    2.820375838    2.820375454
   19.850000000    2.510816110    2.510816903    2.510816569
   19.950000000    2.415186597    2.415187351    2.415187035
   20.050000000    2.074495037    2.074495679    2.074495409
