# energy grid [eV]     epsr_x  epsr_y  epsr_z
#
    0.050000000   15.926957228   15.926957216   15.926957221
    0.150000000   15.947684171   15.947684159   15.947684164
    0.250000000   15.989341648   15.989341635   15.989341640
    0.350000000   16.052342446   16.052342433   16.052342438
    0.450000000   16.137320072   16.137320060   16.137320065
    0.550000000   16.245146863   16.245146851   16.245146856
    0.650000000   16.376959745   16.376959732   16.376959737
    0.750000000   16.534195251   16.534195238   16.534195243
    0.850000000   16.718636098   16.718636085   16.718636090
    0.950000000   16.932472590   16.932472578   16.932472583
    1.050000000   17.178383524   17.178383512   17.178383517
    1.150000000   17.459643323   17.459643311   17.459643316
    1.250000000   17.780265222   17.780265210   17.780265215
    1.350000000   18.145195160   18.145195148   18.145195153
    1.450000000   18.560578710   18.560578698   18.560578702
    1.550000000   19.034136093   19.034136081   19.034136086
    1.650000000   19.575702053   19.575702041   19.575702046
    1.750000000   20.198026168   20.198026156   20.198026161
    1.850000000   20.918002041   20.918002028   20.918002033
    1.950000000   21.758638937   21.758638924   21.758638929
    2.050000000   22.752400532   22.752400520   22.752400525
    2.150000000   23.947265972   23.947265960   23.947265965
    2.250000000   25.418798203   25.418798190   25.418798195
    2.350000000   27.297448494   27.297448481   27.297448486
    2.450000000   29.841946794   29.841946781   29.841946786
    2.550000000   33.572171421   33.572171408   33.572171413
    2.650000000   37.518330402   37.518330390   37.518330394
    2.750000000   41.697085809   41.697085797   41.697085799
    2.850000000   36.900462355   36.900462341   36.900462349
    2.950000000   33.498383543   33.498383530   33.498383537
    3.050000000   31.302588674   31.302588663   31.302588668
    3.150000000   29.763413295   29.763413285   29.763413288
    3.250000000   28.829120467   28.829120455   28.829120460
    3.350000000   29.799861396   29.799861384   29.799861390
    3.450000000   30.261399408   30.261399395   30.261399401
    3.550000000   33.551839626   33.551839614   33.551839619
    3.650000000   27.121424881   27.121424869   27.121424875
    3.750000000   14.173740932   14.173740918   14.173740925
    3.850000000   -9.044110298   -9.044110312   -9.044110309
    3.950000000  -18.101871272  -18.101871286  -18.101871280
    4.050000000  -15.448472206  -15.448472220  -15.448472213
    4.150000000  -14.310414207  -14.310414220  -14.310414213
    4.250000000  -13.148303770  -13.148303784  -13.148303779
    4.350000000  -10.664656489  -10.664656503  -10.664656497
    4.450000000   -9.530423870   -9.530423883   -9.530423878
    4.550000000  -11.285437301  -11.285437314  -11.285437309
    4.650000000  -12.619477827  -12.619477841  -12.619477835
    4.750000000  -13.453118224  -13.453118238  -13.453118232
    4.850000000  -13.543881992  -13.543882006  -13.543882000
    4.950000000  -12.870274480  -12.870274494  -12.870274488
    5.050000000  -10.832452916  -10.832452930  -10.832452924
    5.150000000  -12.202206012  -12.202206025  -12.202206020
    5.250000000  -12.155129541  -12.155129555  -12.155129549
    5.350000000  -10.832928997  -10.832929011  -10.832929005
    5.450000000  -10.827370143  -10.827370156  -10.827370151
    5.550000000  -11.308796872  -11.308796886  -11.308796880
    5.650000000  -10.459889931  -10.459889944  -10.459889939
    5.750000000   -9.104558647   -9.104558660   -9.104558654
    5.850000000   -9.857475109   -9.857475123   -9.857475117
    5.950000000  -10.122583434  -10.122583447  -10.122583442
    6.050000000   -8.700858947   -8.700858960   -8.700858955
    6.150000000   -7.817357121   -7.817357135   -7.817357130
    6.250000000   -8.785610295   -8.785610309   -8.785610303
    6.350000000   -8.239256583   -8.239256596   -8.239256591
    6.450000000   -7.179339606   -7.179339619   -7.179339614
    6.550000000   -7.039315294   -7.039315307   -7.039315301
    6.650000000   -7.138143137   -7.138143151   -7.138143145
    6.750000000   -6.640387198   -6.640387212   -6.640387206
    6.850000000   -5.908358586   -5.908358600   -5.908358593
    6.950000000   -6.112269652   -6.112269666   -6.112269660
    7.050000000   -6.182076134   -6.182076148   -6.182076142
    7.150000000   -5.823299649   -5.823299663   -5.823299657
    7.250000000   -5.523559273   -5.523559287   -5.523559280
    7.350000000   -5.617020601   -5.617020615   -5.617020609
    7.450000000   -5.702213522   -5.702213537   -5.702213531
    7.550000000   -5.345636728   -5.345636742   -5.345636736
    7.650000000   -4.864258820   -4.864258834   -4.864258828
    7.750000000   -4.951837891   -4.951837905   -4.951837899
    7.850000000   -5.003960950   -5.003960964   -5.003960958
    7.950000000   -4.690230291   -4.690230305   -4.690230299
    8.050000000   -4.482271500   -4.482271514   -4.482271509
    8.150000000   -4.532730384   -4.532730398   -4.532730392
    8.250000000   -4.411312931   -4.411312945   -4.411312940
    8.350000000   -4.227787054   -4.227787067   -4.227787061
    8.450000000   -4.039541893   -4.039541907   -4.039541901
    8.550000000   -3.945181630   -3.945181645   -3.945181639
    8.650000000   -3.954550861   -3.954550875   -3.954550869
    8.750000000   -3.853311824   -3.853311838   -3.853311832
    8.850000000   -3.650825957   -3.650825971   -3.650825965
    8.950000000   -3.545394290   -3.545394305   -3.545394299
    9.050000000   -3.449937596   -3.449937610   -3.449937604
    9.150000000   -3.375077507   -3.375077521   -3.375077516
    9.250000000   -3.220055561   -3.220055575   -3.220055569
    9.350000000   -3.104749281   -3.104749296   -3.104749290
    9.450000000   -3.013647596   -3.013647611   -3.013647605
    9.550000000   -2.972846400   -2.972846415   -2.972846409
    9.650000000   -2.832122611   -2.832122626   -2.832122620
    9.750000000   -2.745770585   -2.745770600   -2.745770594
    9.850000000   -2.641144316   -2.641144331   -2.641144325
    9.950000000   -2.617485294   -2.617485309   -2.617485303
   10.050000000   -2.514571158   -2.514571172   -2.514571166
   10.150000000   -2.442729033   -2.442729047   -2.442729041
   10.250000000   -2.369341003   -2.369341018   -2.369341011
   10.350000000   -2.297129965   -2.297129980   -2.297129974
   10.450000000   -2.235018750   -2.235018765   -2.235018758
   10.550000000   -2.198529657   -2.198529672   -2.198529666
   10.650000000   -2.076268820   -2.076268835   -2.076268829
   10.750000000   -2.002747558   -2.002747573   -2.002747567
   10.850000000   -2.018370125   -2.018370141   -2.018370134
   10.950000000   -1.917621455   -1.917621471   -1.917621464
   11.050000000   -1.841442836   -1.841442851   -1.841442845
   11.150000000   -1.806546795   -1.806546811   -1.806546804
   11.250000000   -1.764890041   -1.764890057   -1.764890050
   11.350000000   -1.697375359   -1.697375375   -1.697375368
   11.450000000   -1.641425528   -1.641425544   -1.641425537
   11.550000000   -1.582558704   -1.582558720   -1.582558713
   11.650000000   -1.556786725   -1.556786741   -1.556786734
   11.750000000   -1.522084257   -1.522084273   -1.522084267
   11.850000000   -1.477563934   -1.477563950   -1.477563943
   11.950000000   -1.426654463   -1.426654479   -1.426654472
   12.050000000   -1.414435302   -1.414435318   -1.414435311
   12.150000000   -1.370591345   -1.370591361   -1.370591354
   12.250000000   -1.294372008   -1.294372024   -1.294372017
   12.350000000   -1.269907343   -1.269907360   -1.269907353
   12.450000000   -1.222689096   -1.222689112   -1.222689105
   12.550000000   -1.174433023   -1.174433039   -1.174433032
   12.650000000   -1.161146544   -1.161146561   -1.161146554
   12.750000000   -1.093997219   -1.093997236   -1.093997229
   12.850000000   -1.072158321   -1.072158337   -1.072158330
   12.950000000   -1.048044136   -1.048044152   -1.048044145
   13.050000000   -1.024430914   -1.024430930   -1.024430923
   13.150000000   -0.989624053   -0.989624070   -0.989624063
   13.250000000   -0.940480535   -0.940480552   -0.940480545
   13.350000000   -0.916549796   -0.916549813   -0.916549806
   13.450000000   -0.896912214   -0.896912231   -0.896912224
   13.550000000   -0.874331709   -0.874331726   -0.874331719
   13.650000000   -0.837236431   -0.837236448   -0.837236441
   13.750000000   -0.804959217   -0.804959234   -0.804959227
   13.850000000   -0.784282905   -0.784282923   -0.784282915
   13.950000000   -0.765367477   -0.765367494   -0.765367487
   14.050000000   -0.728238081   -0.728238099   -0.728238092
   14.150000000   -0.708368191   -0.708368209   -0.708368202
   14.250000000   -0.673960611   -0.673960629   -0.673960621
   14.350000000   -0.656962042   -0.656962060   -0.656962053
   14.450000000   -0.625733238   -0.625733256   -0.625733248
   14.550000000   -0.609801065   -0.609801084   -0.609801076
   14.650000000   -0.604689552   -0.604689570   -0.604689562
   14.750000000   -0.584033214   -0.584033233   -0.584033225
   14.850000000   -0.565711996   -0.565712015   -0.565712007
   14.950000000   -0.548908899   -0.548908918   -0.548908910
   15.050000000   -0.534758687   -0.534758706   -0.534758698
   15.150000000   -0.514834182   -0.514834201   -0.514834193
   15.250000000   -0.496548743   -0.496548762   -0.496548754
   15.350000000   -0.472296963   -0.472296982   -0.472296974
   15.450000000   -0.457162802   -0.457162822   -0.457162813
   15.550000000   -0.446752368   -0.446752387   -0.446752379
   15.650000000   -0.423476933   -0.423476953   -0.423476945
   15.750000000   -0.402571771   -0.402571791   -0.402571783
   15.850000000   -0.398196668   -0.398196688   -0.398196679
   15.950000000   -0.387270074   -0.387270094   -0.387270086
   16.050000000   -0.362803539   -0.362803559   -0.362803550
   16.150000000   -0.346261211   -0.346261232   -0.346261223
   16.250000000   -0.322928832   -0.322928853   -0.322928844
   16.350000000   -0.312552340   -0.312552361   -0.312552352
   16.450000000   -0.294180239   -0.294180260   -0.294180251
   16.550000000   -0.271603855   -0.271603877   -0.271603868
   16.650000000   -0.250951414   -0.250951436   -0.250951427
   16.750000000   -0.239229928   -0.239229950   -0.239229941
   16.850000000   -0.229420078   -0.229420100   -0.229420091
   16.950000000   -0.220141091   -0.220141113   -0.220141103
   17.050000000   -0.209008708   -0.209008730   -0.209008721
   17.150000000   -0.196030102   -0.196030124   -0.196030115
   17.250000000   -0.178709089   -0.178709111   -0.178709102
   17.350000000   -0.163690759   -0.163690782   -0.163690772
   17.450000000   -0.156594276   -0.156594299   -0.156594289
   17.550000000   -0.144183581   -0.144183604   -0.144183594
   17.650000000   -0.126853135   -0.126853158   -0.126853148
   17.750000000   -0.103056896   -0.103056920   -0.103056910
   17.850000000   -0.092572779   -0.092572803   -0.092572793
   17.950000000   -0.082380332   -0.082380356   -0.082380346
   18.050000000   -0.064156679   -0.064156703   -0.064156693
   18.150000000   -0.045514653   -0.045514677   -0.045514667
   18.250000000   -0.030117693   -0.030117718   -0.030117707
   18.350000000   -0.021403731   -0.021403756   -0.021403746
   18.450000000   -0.023237605   -0.023237631   -0.023237620
   18.550000000   -0.002753267   -0.002753293   -0.002753282
   18.650000000    0.019243276    0.019243250    0.019243261
   18.750000000    0.032282752    0.032282725    0.032282737
   18.850000000    0.041722128    0.041722101    0.041722112
   18.950000000    0.054093348    0.054093321    0.054093332
   19.050000000    0.073443324    0.073443297    0.073443308
   19.150000000    0.087602758    0.087602731    0.087602742
   19.250000000    0.098087067    0.098087039    0.098087051
   19.350000000    0.106902959    0.106902930    0.106902942
   19.450000000    0.115944166    0.115944138    0.115944150
   19.550000000    0.126882268    0.126882239    0.126882252
   19.650000000    0.137689684    0.137689654    0.137689666
   19.750000000    0.145033508    0.145033478    0.145033490
   19.850000000    0.156262799    0.156262768    0.156262781
   19.950000000    0.160093151    0.160093120    0.160093133
   20.050000000    0.170965676    0.170965644    0.170965657
