       0.005000        0.000000
       0.015000        0.000000
       0.025000        0.000000
       0.035000        0.000000
       0.045000        0.000000
       0.055000        0.000000
       0.065000        0.000000
       0.075000        0.000000
       0.085000        0.000000
       0.095000        0.000000
       0.105000        0.000000
       0.115000        0.000000
       0.125000        0.000000
       0.135000        0.000000
       0.145000        0.000000
       0.155000        0.000000
       0.165000        0.000000
       0.175000        0.000000
       0.185000        0.000000
       0.195000        0.000000
       0.205000        0.000000
       0.215000        0.000000
       0.225000        0.000000
       0.235000        0.000000
       0.245000        0.000000
       0.255000        0.000000
       0.265000        0.000000
       0.275000        0.000000
       0.285000        0.000000
       0.295000        0.000000
       0.305000        0.000000
       0.315000        0.000000
       0.325000        0.000000
       0.335000        0.000000
       0.345000        0.000000
       0.355000        0.000000
       0.365000        0.000000
       0.375000        0.000000
       0.385000        0.000000
       0.395000        0.000000
       0.405000        0.000000
       0.415000        0.000000
       0.425000        0.000000
       0.435000        0.000000
       0.445000        0.000000
       0.455000        0.000000
       0.465000        0.000000
       0.475000        0.000000
       0.485000        0.000000
       0.495000        0.000000
       0.505000        0.000000
       0.515000        0.000000
       0.525000        0.000000
       0.535000        0.000000
       0.545000        0.000000
       0.555000        0.000000
       0.565000        0.000000
       0.575000        0.000000
       0.585000        0.000000
       0.595000        0.000000
       0.605000        0.000000
       0.615000        0.000000
       0.625000        0.000000
       0.635000        0.000000
       0.645000        0.000000
       0.655000        0.000000
       0.665000        0.000000
       0.675000        0.000000
       0.685000        0.000000
       0.695000        0.000000
       0.705000        0.000000
       0.715000        0.000000
       0.725000        0.000000
       0.735000        0.000000
       0.745000        0.000000
       0.755000        0.000000
       0.765000        0.000000
       0.775000        0.000000
       0.785000        0.000000
       0.795000        0.000000
       0.805000        0.000000
       0.815000        0.000000
       0.825000        0.000000
       0.835000        0.000000
       0.845000        0.000000
       0.855000        0.000000
       0.865000        0.000000
       0.875000        0.000000
       0.885000        0.000000
       0.895000        0.000000
       0.905000        0.000000
       0.915000        0.000000
       0.925000        0.000000
       0.935000        0.000000
       0.945000        0.000000
       0.955000        0.000000
       0.965000        0.000000
       0.975000        0.000000
       0.985000        0.000000
       0.995000        0.000000
       1.005000        0.000000
       1.015000        0.000000
       1.025000        0.000000
       1.035000        0.000000
       1.045000        0.000000
       1.055000        0.000000
       1.065000        0.000000
       1.075000        0.000000
       1.085000        0.000000
       1.095000        0.000000
       1.105000        0.000000
       1.115000        0.000000
       1.125000        0.000000
       1.135000        0.000000
       1.145000        0.000000
       1.155000        0.000000
       1.165000        0.000000
       1.175000        0.000000
       1.185000        0.000000
       1.195000        0.000000
       1.205000        0.000000
       1.215000        0.000000
       1.225000        0.000000
       1.235000        0.000000
       1.245000        0.000000
       1.255000        0.000000
       1.265000        0.000000
       1.275000        0.000000
       1.285000        0.000000
       1.295000        0.000000
       1.305000        0.000000
       1.315000        0.000000
       1.325000        0.000000
       1.335000        0.000000
       1.345000        0.000000
       1.355000        0.000000
       1.365000        0.000000
       1.375000        0.000000
       1.385000        0.000000
       1.395000        0.000000
       1.405000        0.000000
       1.415000        0.000000
       1.425000        0.000000
       1.435000        0.000000
       1.445000        0.000000
       1.455000        0.000000
       1.465000        0.000000
       1.475000        0.000000
       1.485000        0.000000
       1.495000        0.000000
       1.505000        0.000000
       1.515000        0.000000
       1.525000        0.000000
       1.535000        0.000000
       1.545000        0.000000
       1.555000        0.000000
       1.565000        0.000000
       1.575000        0.000000
       1.585000        0.000000
       1.595000        0.000000
       1.605000        0.000000
       1.615000        0.000000
       1.625000        0.000000
       1.635000        0.000000
       1.645000        0.000000
       1.655000        0.000000
       1.665000        0.000000
       1.675000        0.000000
       1.685000        0.000000
       1.695000        0.000000
       1.705000        0.000000
       1.715000        0.000000
       1.725000        0.000000
       1.735000        0.000000
       1.745000        0.000000
       1.755000        0.000000
       1.765000        0.000000
       1.775000        0.000000
       1.785000        0.000000
       1.795000        0.000000
       1.805000        0.000000
       1.815000        0.000000
       1.825000        0.000000
       1.835000        0.000000
       1.845000        0.000000
       1.855000        0.000000
       1.865000        0.000000
       1.875000        0.000000
       1.885000        0.000000
       1.895000        0.000000
       1.905000        0.000000
       1.915000        0.000000
       1.925000        0.000000
       1.935000        0.000000
       1.945000        0.000000
       1.955000        0.000000
       1.965000        0.000000
       1.975000        0.000000
       1.985000        0.000000
       1.995000        0.000000
       2.005000        0.000000
       2.015000        0.000000
       2.025000        0.000000
       2.035000        0.000000
       2.045000        0.000000
       2.055000        0.000000
       2.065000        0.000000
       2.075000        0.000000
       2.085000        0.000000
       2.095000        0.000000
       2.105000        0.000000
       2.115000        0.000000
       2.125000        0.000000
       2.135000        0.000000
       2.145000        0.000000
       2.155000        0.000000
       2.165000        0.000000
       2.175000        0.000000
       2.185000        0.000000
       2.195000        0.000000
       2.205000        0.000000
       2.215000        0.000000
       2.225000        0.000000
       2.235000        0.000000
       2.245000        0.000000
       2.255000        0.000000
       2.265000        0.000000
       2.275000        0.000000
       2.285000        0.000000
       2.295000        0.000000
       2.305000        0.000000
       2.315000        0.000000
       2.325000        0.000000
       2.335000        0.000000
       2.345000        0.000000
       2.355000        0.000000
       2.365000        0.000000
       2.375000        0.000000
       2.385000        0.000000
       2.395000        0.000000
       2.405000        0.000000
       2.415000        0.000000
       2.425000        0.000000
       2.435000        0.000000
       2.445000        0.000000
       2.455000        0.000000
       2.465000        0.000000
       2.475000        0.000000
       2.485000        0.000000
       2.495000        0.000000
       2.505000        0.000000
       2.515000        0.000000
       2.525000        0.000000
       2.535000        0.000000
       2.545000        0.000000
       2.555000        0.000000
       2.565000        0.000000
       2.575000        1.460880
       2.585000        1.963824
       2.595000        3.181446
       2.605000        3.565109
       2.615000        2.498104
       2.625000        2.644361
       2.635000        3.722498
       2.645000        3.466562
       2.655000        5.227044
       2.665000        6.857702
       2.675000        3.406661
       2.685000        3.854499
       2.695000        6.604452
       2.705000        7.201312
       2.715000        5.345238
       2.725000        4.894756
       2.735000        8.373532
       2.745000        9.888235
       2.755000        7.100928
       2.765000       13.588318
       2.775000       20.918451
       2.785000       23.221133
       2.795000       25.673862
       2.805000       25.161838
       2.815000       27.818796
       2.825000       29.017558
       2.835000       28.009671
       2.845000       25.937232
       2.855000       23.888577
       2.865000       23.558826
       2.875000       18.967850
       2.885000       21.938884
       2.895000       24.534782
       2.905000       22.338603
       2.915000       25.715641
       2.925000       27.090246
       2.935000       28.840193
       2.945000       28.288867
       2.955000       25.599515
       2.965000       24.021403
       2.975000       27.672943
       2.985000       28.533106
       2.995000       21.515758
       3.005000       24.405289
       3.015000       24.780600
       3.025000       23.168876
       3.035000       27.146552
       3.045000       26.270143
       3.055000       28.829220
       3.065000       26.336582
       3.075000       22.742823
       3.085000       25.723914
       3.095000       29.253931
       3.105000       22.973362
       3.115000       23.324595
       3.125000       28.334708
       3.135000       30.378313
       3.145000       31.951770
       3.155000       26.403031
       3.165000       37.894547
       3.175000       33.228667
       3.185000       14.256399
       3.195000       23.961442
       3.205000       37.212415
       3.215000       30.723678
       3.225000       23.452346
       3.235000       26.025163
       3.245000       25.466683
       3.255000       21.800420
       3.265000       26.587403
       3.275000       34.678228
       3.285000       33.740423
       3.295000       25.643352
       3.305000       21.131961
       3.315000       23.888166
       3.325000       26.440625
       3.335000       30.587347
       3.345000       33.292394
       3.355000       29.438658
       3.365000       30.853909
       3.375000       31.567132
       3.385000       23.896816
       3.395000       33.759723
       3.405000       39.307877
       3.415000       32.412138
       3.425000       30.370164
       3.435000       29.731652
       3.445000       30.430315
       3.455000       32.874417
       3.465000       31.667360
       3.475000       29.880169
       3.485000       38.607735
       3.495000       31.958573
       3.505000       24.694012
       3.515000       27.198197
       3.525000       30.415533
       3.535000       34.725083
       3.545000       40.868409
       3.555000       39.357070
       3.565000       49.231791
       3.575000       54.214031
       3.585000       51.110588
       3.595000       58.030440
       3.605000       60.077812
       3.615000       54.972131
       3.625000       42.896131
       3.635000       46.309929
       3.645000       62.227488
       3.655000       56.512871
       3.665000       51.351132
       3.675000       57.828803
       3.685000       66.078534
       3.695000       62.421971
       3.705000       62.713671
       3.715000       77.545365
       3.725000       66.883367
       3.735000       65.285867
       3.745000       70.055154
       3.755000       75.117861
       3.765000       79.768808
       3.775000       89.694419
       3.785000       93.920544
       3.795000       85.929540
       3.805000       86.573996
       3.815000       87.638519
       3.825000       77.334829
       3.835000       63.322467
       3.845000       61.267615
       3.855000       63.221893
       3.865000       58.349044
       3.875000       55.562586
       3.885000       57.551771
       3.895000       61.970638
       3.905000       76.228194
       3.915000       79.926685
       3.925000       53.863914
       3.935000       31.465218
       3.945000       29.935846
       3.955000       34.366858
       3.965000       35.561894
       3.975000       32.878559
       3.985000       38.552216
       3.995000       33.006028
       4.005000       30.170473
       4.015000       30.788349
       4.025000       31.840433
       4.035000       41.164289
       4.045000       43.594314
       4.055000       39.244594
       4.065000       42.184382
       4.075000       37.345004
       4.085000       29.750439
       4.095000       29.896854
       4.105000       30.022034
       4.115000       27.201869
       4.125000       21.939531
       4.135000       27.006630
       4.145000       23.140550
       4.155000       25.461349
       4.165000       31.566950
       4.175000       29.451636
       4.185000       26.137726
       4.195000       28.696367
       4.205000       27.074436
       4.215000       21.636006
       4.225000       26.280982
       4.235000       31.108178
       4.245000       25.942974
       4.255000       25.728951
       4.265000       31.089891
       4.275000       29.096073
       4.285000       23.829771
       4.295000       20.003470
       4.305000       23.120688
       4.315000       23.662549
       4.325000       18.775548
       4.335000       15.684510
       4.345000       13.219948
       4.355000       14.991833
       4.365000       17.109850
       4.375000       22.361712
       4.385000       27.740682
       4.395000       24.317395
       4.405000       23.634721
       4.415000       26.164136
       4.425000       26.779403
       4.435000       23.846298
       4.445000       20.970832
       4.455000       22.215064
       4.465000       25.240740
       4.475000       26.808560
       4.485000       21.333833
       4.495000       21.395232
       4.505000       25.528592
       4.515000       27.252714
       4.525000       25.813125
       4.535000       24.951642
       4.545000       27.681402
       4.555000       30.084508
       4.565000       31.691324
       4.575000       27.794537
       4.585000       22.519463
       4.595000       21.368064
       4.605000       24.742074
       4.615000       23.560827
       4.625000       20.588097
       4.635000       19.868682
       4.645000       16.376867
       4.655000       16.756237
       4.665000       19.911529
       4.675000       18.301879
       4.685000       22.546154
       4.695000       21.524343
       4.705000       21.971672
       4.715000       27.462104
       4.725000       24.257379
       4.735000       21.504857
       4.745000       22.321219
       4.755000       18.590708
       4.765000       17.637179
       4.775000       18.219496
       4.785000       19.637987
       4.795000       21.055148
       4.805000       18.026506
       4.815000       15.905175
       4.825000       16.166022
       4.835000       16.273996
       4.845000       16.386164
       4.855000       19.460606
       4.865000       19.564199
       4.875000       16.992314
       4.885000       15.041340
       4.895000       16.749724
       4.905000       18.342277
       4.915000       17.320156
       4.925000       13.188610
       4.935000       12.033443
       4.945000       12.653719
       4.955000       10.707940
       4.965000       12.910982
       4.975000       12.317127
       4.985000       10.564209
       4.995000       12.091803
       5.005000       10.989591
       5.015000       11.132746
       5.025000       14.081594
       5.035000       16.120069
       5.045000       14.021769
       5.055000       14.959958
       5.065000       17.632560
       5.075000       18.601715
       5.085000       18.310360
       5.095000       15.366514
       5.105000       14.553324
       5.115000       15.282103
       5.125000       14.489926
       5.135000       14.916131
       5.145000       16.898969
       5.155000       15.902871
       5.165000       13.811145
       5.175000       13.681498
       5.185000       14.972415
       5.195000       16.230878
       5.205000       15.564119
       5.215000       12.795045
       5.225000        8.184449
       5.235000        8.611056
       5.245000       12.501474
       5.255000       10.491499
       5.265000        7.942215
       5.275000        9.328666
       5.285000       11.929553
       5.295000       10.700185
       5.305000        9.466285
       5.315000       10.037955
       5.325000       11.974040
       5.335000       11.320174
       5.345000       11.741720
       5.355000       11.371513
       5.365000        9.010279
       5.375000       10.174377
       5.385000       10.384357
       5.395000       10.432043
       5.405000       11.042665
       5.415000       12.983899
       5.425000       13.961819
       5.435000       13.233613
       5.445000       12.137215
       5.455000       10.861533
       5.465000        9.887161
       5.475000        9.056433
       5.485000       10.997193
       5.495000       12.175174
       5.505000       11.044421
       5.515000       12.897782
       5.525000       12.334899
       5.535000       10.166712
       5.545000       10.874846
       5.555000       11.283068
       5.565000        9.217394
       5.575000        8.380606
       5.585000        7.028397
       5.595000        7.404990
       5.605000       10.267677
       5.615000        9.092247
       5.625000        7.527537
       5.635000        8.824225
       5.645000        8.070477
       5.655000        5.331447
       5.665000        5.837914
       5.675000        7.984867
       5.685000        7.746843
       5.695000        7.073861
       5.705000        8.799223
       5.715000        8.554404
       5.725000        7.221219
       5.735000        6.321210
       5.745000        5.968227
       5.755000        6.741114
       5.765000        6.119556
       5.775000        6.999932
       5.785000        9.855067
       5.795000       12.106217
       5.805000       12.520408
       5.815000       10.913096
       5.825000       10.596889
       5.835000       10.345991
       5.845000       10.008506
       5.855000        8.430609
       5.865000        8.034333
       5.875000        9.386416
       5.885000        8.552996
       5.895000        8.277284
       5.905000        7.471591
       5.915000        9.029960
       5.925000        9.333557
       5.935000        7.473791
       5.945000        5.789681
       5.955000        4.517973
       5.965000        5.791251
       5.975000        5.407913
       5.985000        6.050159
       5.995000        6.613162
       6.005000        5.220898
       6.015000        4.499842
       6.025000        4.546690
       6.035000        5.398261
       6.045000        5.215019
       6.055000        5.139651
       6.065000        5.553621
       6.075000        5.358254
       6.085000        4.752461
       6.095000        5.348911
       6.105000        5.298575
       6.115000        4.936444
       6.125000        5.668684
       6.135000        5.339501
       6.145000        7.030478
       6.155000        8.709095
       6.165000        8.273077
       6.175000        8.743104
       6.185000       10.296366
       6.195000        9.942836
       6.205000        8.111891
       6.215000        6.345340
       6.225000        5.850832
       6.235000        5.673412
       6.245000        5.373723
       6.255000        5.644950
       6.265000        6.570337
       6.275000        6.816577
       6.285000        6.042018
       6.295000        5.520492
       6.305000        5.175196
       6.315000        4.769376
       6.325000        4.254601
       6.335000        4.511412
       6.345000        4.170368
       6.355000        4.489306
       6.365000        3.959728
       6.375000        3.515804
       6.385000        4.385712
       6.395000        4.663543
       6.405000        4.798791
       6.415000        3.945701
       6.425000        3.954759
       6.435000        4.447131
       6.445000        3.943201
       6.455000        3.233981
       6.465000        3.414374
       6.475000        4.645238
       6.485000        4.729678
       6.495000        4.297941
       6.505000        5.461175
       6.515000        6.284575
       6.525000        5.320302
       6.535000        5.861185
       6.545000        6.999404
       6.555000        6.164947
       6.565000        6.119145
       6.575000        7.140492
       6.585000        5.700223
       6.595000        3.823005
       6.605000        3.897708
       6.615000        4.341250
       6.625000        4.359187
       6.635000        4.357081
       6.645000        4.722679
       6.655000        5.126605
       6.665000        4.955413
       6.675000        4.364347
       6.685000        4.111967
       6.695000        3.714103
       6.705000        3.840773
       6.715000        3.969584
       6.725000        4.471854
       6.735000        4.154747
       6.745000        3.010286
       6.755000        3.447603
       6.765000        3.495942
       6.775000        3.208901
       6.785000        3.273229
       6.795000        3.753737
       6.805000        3.864628
       6.815000        3.544500
       6.825000        3.860503
       6.835000        3.663635
       6.845000        3.607346
       6.855000        4.292551
       6.865000        4.269642
       6.875000        3.727727
       6.885000        4.741589
       6.895000        5.772348
       6.905000        5.499033
       6.915000        5.391600
       6.925000        4.233084
       6.935000        3.965967
       6.945000        5.248277
       6.955000        4.796346
       6.965000        5.095164
       6.975000        4.899582
       6.985000        4.079653
       6.995000        3.705360
       7.005000        3.711223
       7.015000        4.344858
       7.025000        4.491060
       7.035000        4.784244
       7.045000        4.821943
       7.055000        4.280256
       7.065000        3.894509
       7.075000        3.715538
       7.085000        2.737539
       7.095000        2.476432
       7.105000        3.398597
       7.115000        4.265853
       7.125000        4.224315
       7.135000        3.629429
       7.145000        3.404536
       7.155000        3.548136
       7.165000        3.663917
       7.175000        3.419229
       7.185000        3.739216
       7.195000        3.431391
       7.205000        2.901711
       7.215000        3.430977
       7.225000        3.638657
       7.235000        3.557400
       7.245000        4.468102
       7.255000        4.191499
       7.265000        3.187571
       7.275000        3.150600
       7.285000        3.705263
       7.295000        4.571741
       7.305000        4.635542
       7.315000        4.495818
       7.325000        3.901120
       7.335000        3.372411
       7.345000        3.544612
       7.355000        3.913250
       7.365000        4.181238
       7.375000        3.672855
       7.385000        3.312128
       7.395000        3.511306
       7.405000        3.793010
       7.415000        4.170776
       7.425000        4.176091
       7.435000        3.828496
       7.445000        3.062414
       7.455000        3.276489
       7.465000        3.573677
       7.475000        2.799450
       7.485000        2.664175
       7.495000        3.141775
       7.505000        3.108014
       7.515000        2.604769
       7.525000        2.681330
       7.535000        2.609633
       7.545000        2.523546
       7.555000        3.115048
       7.565000        3.025915
       7.575000        2.678338
       7.585000        2.709270
       7.595000        2.306589
       7.605000        2.717427
       7.615000        2.876735
       7.625000        2.209431
       7.635000        2.385065
       7.645000        2.403010
       7.655000        2.466621
       7.665000        2.095866
       7.675000        2.742933
       7.685000        3.321161
       7.695000        3.171323
       7.705000        3.530857
       7.715000        3.494358
       7.725000        3.529424
       7.735000        3.582434
       7.745000        4.372706
       7.755000        4.294964
       7.765000        3.520375
       7.775000        3.500885
       7.785000        3.175057
       7.795000        2.594313
       7.805000        2.188483
       7.815000        2.713885
       7.825000        3.332274
       7.835000        2.870949
       7.845000        2.512482
       7.855000        2.476363
       7.865000        2.303623
       7.875000        2.519652
       7.885000        2.702682
       7.895000        2.731116
       7.905000        2.561646
       7.915000        2.328443
       7.925000        2.263138
       7.935000        2.352042
       7.945000        2.166387
       7.955000        2.142387
       7.965000        2.135979
       7.975000        2.249406
       7.985000        2.942463
       7.995000        2.854669
       8.005000        2.303138
       8.015000        2.311794
       8.025000        2.522385
       8.035000        2.158189
       8.045000        2.378646
       8.055000        3.175159
       8.065000        2.823977
       8.075000        2.101219
       8.085000        1.895426
       8.095000        2.330361
       8.105000        2.709336
       8.115000        3.019005
       8.125000        3.566781
       8.135000        3.289755
       8.145000        2.692176
       8.155000        2.261212
       8.165000        2.025283
       8.175000        2.542053
       8.185000        2.702159
       8.195000        2.240662
       8.205000        1.917380
       8.215000        2.220362
       8.225000        2.159853
       8.235000        1.909277
       8.245000        2.752213
       8.255000        2.574453
       8.265000        2.009612
       8.275000        2.492978
       8.285000        2.424192
       8.295000        1.868629
       8.305000        1.645072
       8.315000        1.732652
       8.325000        2.284359
       8.335000        2.082199
       8.345000        2.079781
       8.355000        2.271663
       8.365000        1.892528
       8.375000        2.174954
       8.385000        2.224295
       8.395000        1.820263
       8.405000        1.685688
       8.415000        1.655211
       8.425000        1.933956
       8.435000        2.365496
       8.445000        2.269951
       8.455000        2.105151
       8.465000        1.897632
       8.475000        1.947458
       8.485000        2.276245
       8.495000        2.062899
       8.505000        1.762319
       8.515000        2.046406
       8.525000        1.957824
       8.535000        1.846868
       8.545000        2.118091
       8.555000        2.304821
       8.565000        2.373518
       8.575000        2.251813
       8.585000        2.136131
       8.595000        1.895966
       8.605000        2.024480
       8.615000        2.083229
       8.625000        2.155457
       8.635000        2.174847
       8.645000        1.930298
       8.655000        1.736231
       8.665000        1.543073
       8.675000        1.745252
       8.685000        2.086332
       8.695000        2.251805
       8.705000        1.892903
       8.715000        1.570548
       8.725000        1.735649
       8.735000        1.900736
       8.745000        1.863376
       8.755000        1.542028
       8.765000        1.360497
       8.775000        1.285324
       8.785000        1.185136
       8.795000        1.305176
       8.805000        1.773539
       8.815000        2.041710
       8.825000        2.089692
       8.835000        1.666573
       8.845000        1.401626
       8.855000        1.577406
       8.865000        1.645360
       8.875000        1.554104
       8.885000        1.633205
       8.895000        1.644942
       8.905000        1.530264
       8.915000        1.753419
       8.925000        1.677220
       8.935000        1.718683
       8.945000        1.718120
       8.955000        1.526133
       8.965000        1.433051
       8.975000        1.477606
       8.985000        1.634751
       8.995000        1.590868
       9.005000        1.571610
       9.015000        1.533635
       9.025000        1.537374
       9.035000        1.573808
       9.045000        1.639243
       9.055000        1.619649
       9.065000        1.458601
       9.075000        1.635770
       9.085000        1.639944
       9.095000        1.636032
       9.105000        1.597250
       9.115000        1.243534
       9.125000        1.278701
       9.135000        1.585377
       9.145000        1.585752
       9.155000        1.418365
       9.165000        1.338577
       9.175000        1.342035
       9.185000        1.319333
       9.195000        1.323608
       9.205000        1.169232
       9.215000        1.036255
       9.225000        1.318917
       9.235000        1.538441
       9.245000        1.528878
       9.255000        1.367552
       9.265000        1.350279
       9.275000        1.325260
       9.285000        1.332325
       9.295000        1.397154
       9.305000        1.231344
       9.315000        1.258333
       9.325000        1.295043
       9.335000        1.244238
       9.345000        1.327264
       9.355000        1.330659
       9.365000        1.325471
       9.375000        1.308081
       9.385000        1.092912
       9.395000        1.059422
       9.405000        1.281867
       9.415000        1.389400
       9.425000        1.380364
       9.435000        1.412262
       9.445000        1.456604
       9.455000        1.543010
       9.465000        1.479745
       9.475000        1.315990
       9.485000        1.171665
       9.495000        1.240449
       9.505000        1.354848
       9.515000        1.290629
       9.525000        1.410066
       9.535000        1.240856
       9.545000        0.946992
       9.555000        1.324845
       9.565000        1.530912
       9.575000        1.177024
       9.585000        1.014490
       9.595000        0.981525
       9.605000        0.913178
       9.615000        1.015674
       9.625000        1.162515
       9.635000        1.150589
       9.645000        1.077979
       9.655000        1.196452
       9.665000        1.231030
       9.675000        1.155823
       9.685000        1.154908
       9.695000        1.230090
       9.705000        1.285134
       9.715000        0.936436
       9.725000        0.979711
       9.735000        1.190067
       9.745000        1.046311
       9.755000        1.166229
       9.765000        1.264590
       9.775000        1.188580
       9.785000        1.305154
       9.795000        1.115499
       9.805000        0.841019
       9.815000        0.947328
       9.825000        0.920776
       9.835000        0.983175
       9.845000        1.179600
       9.855000        1.166417
       9.865000        1.048190
       9.875000        1.067622
       9.885000        1.291909
       9.895000        1.325336
       9.905000        1.300551
       9.915000        1.230178
       9.925000        0.996509
       9.935000        1.009580
       9.945000        1.093080
       9.955000        1.061040
       9.965000        1.040633
       9.975000        0.953303
       9.985000        0.935902
       9.995000        0.927874
      10.005000        0.968399
      10.015000        0.984367
      10.025000        1.077043
      10.035000        1.163486
      10.045000        1.035556
      10.055000        0.909701
      10.065000        0.901813
      10.075000        0.784809
      10.085000        0.888556
      10.095000        1.102892
      10.105000        0.940171
      10.115000        1.060027
      10.125000        1.160654
      10.135000        1.089469
      10.145000        1.088251
      10.155000        1.025401
      10.165000        1.040063
      10.175000        0.874833
      10.185000        0.914934
      10.195000        1.076923
      10.205000        0.835402
      10.215000        0.863012
      10.225000        0.969014
      10.235000        0.943882
      10.245000        0.992904
      10.255000        1.097943
      10.265000        1.067747
      10.275000        0.785151
      10.285000        0.808951
      10.295000        0.856250
      10.305000        0.825150
      10.315000        0.895619
      10.325000        0.925250
      10.335000        1.086093
      10.345000        1.076504
      10.355000        0.955339
      10.365000        0.925583
      10.375000        0.981595
      10.385000        0.921196
      10.395000        0.813216
      10.405000        0.759854
      10.415000        0.784286
      10.425000        0.860001
      10.435000        1.035809
      10.445000        1.004451
      10.455000        0.824098
      10.465000        1.091348
      10.475000        1.026710
      10.485000        0.758955
      10.495000        0.909746
      10.505000        0.997269
      10.515000        0.909974
      10.525000        0.807105
      10.535000        0.790042
      10.545000        0.790892
      10.555000        0.943854
      10.565000        0.942439
      10.575000        0.678131
      10.585000        0.760748
      10.595000        0.801753
      10.605000        0.696799
      10.615000        0.656476
      10.625000        0.622298
      10.635000        0.761244
      10.645000        0.799370
      10.655000        0.711718
      10.665000        0.809222
      10.675000        0.869853
      10.685000        0.695190
      10.695000        0.683039
      10.705000        0.806836
      10.715000        0.747123
      10.725000        0.763013
      10.735000        0.988931
      10.745000        0.916178
      10.755000        0.785895
      10.765000        0.928714
      10.775000        1.115887
      10.785000        1.086877
      10.795000        0.906508
      10.805000        0.815740
      10.815000        0.785021
      10.825000        0.950082
      10.835000        0.808572
      10.845000        0.614724
      10.855000        0.657318
      10.865000        0.712511
      10.875000        0.786984
      10.885000        0.797082
      10.895000        0.713438
      10.905000        0.724833
      10.915000        0.735128
      10.925000        0.581539
      10.935000        0.590571
      10.945000        0.680697
      10.955000        0.729353
      10.965000        0.730090
      10.975000        0.709425
      10.985000        0.836882
      10.995000        0.911196
      11.005000        0.695693
      11.015000        0.541695
      11.025000        0.622783
      11.035000        0.726302
      11.045000        0.697706
      11.055000        0.605983
      11.065000        0.626325
      11.075000        0.850503
      11.085000        0.866030
      11.095000        0.768090
      11.105000        0.720578
      11.115000        0.759649
      11.125000        0.754845
      11.135000        0.723894
      11.145000        0.792384
      11.155000        0.618871
      11.165000        0.663274
      11.175000        0.682126
      11.185000        0.659818
      11.195000        0.834506
      11.205000        0.813409
      11.215000        0.662534
      11.225000        0.618404
      11.235000        0.684739
      11.245000        0.710893
      11.255000        0.744637
      11.265000        0.717903
      11.275000        0.681289
      11.285000        0.634047
      11.295000        0.608180
      11.305000        0.610398
      11.315000        0.630059
      11.325000        0.630082
      11.335000        0.585207
      11.345000        0.648425
      11.355000        0.688471
      11.365000        0.687512
      11.375000        0.655642
      11.385000        0.658998
      11.395000        0.711883
      11.405000        0.667014
      11.415000        0.717321
      11.425000        0.622745
      11.435000        0.463272
      11.445000        0.532159
      11.455000        0.677128
      11.465000        0.750713
      11.475000        0.604542
      11.485000        0.464427
      11.495000        0.579336
      11.505000        0.666445
      11.515000        0.621834
      11.525000        0.626423
      11.535000        0.617845
      11.545000        0.761603
      11.555000        0.715067
      11.565000        0.621955
      11.575000        0.655722
      11.585000        0.712704
      11.595000        0.683685
      11.605000        0.558428
      11.615000        0.665726
      11.625000        0.637108
      11.635000        0.629391
      11.645000        0.724058
      11.655000        0.672898
      11.665000        0.580180
      11.675000        0.501405
      11.685000        0.570631
      11.695000        0.687056
      11.705000        0.648903
      11.715000        0.666606
      11.725000        0.639361
      11.735000        0.625079
      11.745000        0.645579
      11.755000        0.637222
      11.765000        0.578475
      11.775000        0.453891
      11.785000        0.528887
      11.795000        0.631232
      11.805000        0.602902
      11.815000        0.546906
      11.825000        0.672490
      11.835000        0.637399
      11.845000        0.571831
      11.855000        0.646246
      11.865000        0.621171
      11.875000        0.545683
      11.885000        0.549666
      11.895000        0.577722
      11.905000        0.546337
      11.915000        0.611504
      11.925000        0.564866
      11.935000        0.479187
      11.945000        0.558576
      11.955000        0.582403
      11.965000        0.513984
      11.975000        0.524182
      11.985000        0.618030
      11.995000        0.685241
      12.005000        0.709181
      12.015000        0.674158
      12.025000        0.573744
      12.035000        0.538184
      12.045000        0.535613
      12.055000        0.563327
      12.065000        0.558582
      12.075000        0.534179
      12.085000        0.535642
      12.095000        0.542691
      12.105000        0.553688
      12.115000        0.527213
      12.125000        0.516339
      12.135000        0.486821
      12.145000        0.531539
      12.155000        0.501683
      12.165000        0.473490
      12.175000        0.475778
      12.185000        0.446621
      12.195000        0.478082
      12.205000        0.476075
      12.215000        0.505880
      12.225000        0.423698
      12.235000        0.334658
      12.245000        0.445990
      12.255000        0.562154
      12.265000        0.596254
      12.275000        0.538655
      12.285000        0.545743
      12.295000        0.645928
      12.305000        0.590313
      12.315000        0.467771
      12.325000        0.408953
      12.335000        0.423244
      12.345000        0.414567
      12.355000        0.473602
      12.365000        0.605977
      12.375000        0.642361
      12.385000        0.499521
      12.395000        0.405036
      12.405000        0.461849
      12.415000        0.452327
      12.425000        0.372161
      12.435000        0.405421
      12.445000        0.506231
      12.455000        0.484909
      12.465000        0.480502
      12.475000        0.466248
      12.485000        0.401577
      12.495000        0.475349
      12.505000        0.503906
      12.515000        0.404430
      12.525000        0.436941
      12.535000        0.476197
      12.545000        0.455298
      12.555000        0.526672
      12.565000        0.530178
      12.575000        0.458507
      12.585000        0.462931
      12.595000        0.523347
      12.605000        0.480082
      12.615000        0.517050
      12.625000        0.574712
      12.635000        0.458120
      12.645000        0.422610
      12.655000        0.440085
      12.665000        0.461050
      12.675000        0.488762
      12.685000        0.442174
      12.695000        0.409840
      12.705000        0.346281
      12.715000        0.284262
      12.725000        0.391223
      12.735000        0.449623
      12.745000        0.410981
      12.755000        0.420808
      12.765000        0.438812
      12.775000        0.502792
      12.785000        0.532683
      12.795000        0.436206
      12.805000        0.399932
      12.815000        0.458612
      12.825000        0.510328
      12.835000        0.518288
      12.845000        0.457490
      12.855000        0.406004
      12.865000        0.425209
      12.875000        0.442151
      12.885000        0.519651
      12.895000        0.487790
      12.905000        0.406778
      12.915000        0.463197
      12.925000        0.499083
      12.935000        0.395585
      12.945000        0.345942
      12.955000        0.461618
      12.965000        0.500164
      12.975000        0.453986
      12.985000        0.430113
      12.995000        0.415907
      13.005000        0.446812
      13.015000        0.435777
      13.025000        0.437909
      13.035000        0.428389
      13.045000        0.421091
      13.055000        0.494380
      13.065000        0.465665
      13.075000        0.387711
      13.085000        0.379972
      13.095000        0.385231
      13.105000        0.402939
      13.115000        0.419965
      13.125000        0.396778
      13.135000        0.418136
      13.145000        0.450048
      13.155000        0.376246
      13.165000        0.326344
      13.175000        0.391285
      13.185000        0.413637
      13.195000        0.350594
      13.205000        0.293999
      13.215000        0.357762
      13.225000        0.393174
      13.235000        0.421240
      13.245000        0.432613
      13.255000        0.393231
      13.265000        0.428832
      13.275000        0.487867
      13.285000        0.450751
      13.295000        0.429628
      13.305000        0.425233
      13.315000        0.374429
      13.325000        0.374183
      13.335000        0.328625
      13.345000        0.303613
      13.355000        0.369836
      13.365000        0.423192
      13.375000        0.414628
      13.385000        0.421591
      13.395000        0.483385
      13.405000        0.453862
      13.415000        0.341960
      13.425000        0.361716
      13.435000        0.436917
      13.445000        0.409231
      13.455000        0.359983
      13.465000        0.393450
      13.475000        0.365678
      13.485000        0.342664
      13.495000        0.383067
      13.505000        0.428751
      13.515000        0.412743
      13.525000        0.400635
      13.535000        0.391452
      13.545000        0.386153
      13.555000        0.423197
      13.565000        0.358338
      13.575000        0.330305
      13.585000        0.359887
      13.595000        0.337172
      13.605000        0.328092
      13.615000        0.351891
      13.625000        0.372507
      13.635000        0.388283
      13.645000        0.367563
      13.655000        0.328301
      13.665000        0.322972
      13.675000        0.342957
      13.685000        0.347076
      13.695000        0.357206
      13.705000        0.342501
      13.715000        0.359777
      13.725000        0.393395
      13.735000        0.374209
      13.745000        0.379060
      13.755000        0.371638
      13.765000        0.350897
      13.775000        0.337092
      13.785000        0.347214
      13.795000        0.337419
      13.805000        0.325909
      13.815000        0.384717
      13.825000        0.416093
      13.835000        0.394277
      13.845000        0.365109
      13.855000        0.374046
      13.865000        0.369280
      13.875000        0.335219
      13.885000        0.354715
      13.895000        0.352609
      13.905000        0.349711
      13.915000        0.353985
      13.925000        0.386674
      13.935000        0.412295
      13.945000        0.322306
      13.955000        0.285904
      13.965000        0.314007
      13.975000        0.298258
      13.985000        0.332597
      13.995000        0.359580
      14.005000        0.356043
      14.015000        0.317960
      14.025000        0.267732
      14.035000        0.296001
      14.045000        0.371884
      14.055000        0.355748
      14.065000        0.298695
      14.075000        0.338757
      14.085000        0.351423
      14.095000        0.364501
      14.105000        0.351237
      14.115000        0.333107
      14.125000        0.318180
      14.135000        0.352082
      14.145000        0.372436
      14.155000        0.304038
      14.165000        0.311548
      14.175000        0.335167
      14.185000        0.321147
      14.195000        0.276720
      14.205000        0.255770
      14.215000        0.335640
      14.225000        0.343634
      14.235000        0.291251
      14.245000        0.297029
      14.255000        0.314006
      14.265000        0.393202
      14.275000        0.389420
      14.285000        0.353299
      14.295000        0.358123
      14.305000        0.292923
      14.315000        0.259758
      14.325000        0.317706
      14.335000        0.334868
      14.345000        0.325402
      14.355000        0.355692
      14.365000        0.322935
      14.375000        0.269344
      14.385000        0.230625
      14.395000        0.262071
      14.405000        0.303891
      14.415000        0.327473
      14.425000        0.330857
      14.435000        0.345373
      14.445000        0.384756
      14.455000        0.344921
      14.465000        0.305023
      14.475000        0.333941
      14.485000        0.367544
      14.495000        0.328971
      14.505000        0.270840
      14.515000        0.283562
      14.525000        0.327099
      14.535000        0.341218
      14.545000        0.318104
      14.555000        0.354762
      14.565000        0.358982
      14.575000        0.294814
      14.585000        0.354032
      14.595000        0.375385
      14.605000        0.307953
      14.615000        0.325110
      14.625000        0.341904
      14.635000        0.327185
      14.645000        0.342689
      14.655000        0.321234
      14.665000        0.355087
      14.675000        0.331795
      14.685000        0.307254
      14.695000        0.331542
      14.705000        0.295614
      14.715000        0.287401
      14.725000        0.300239
      14.735000        0.294695
      14.745000        0.274052
      14.755000        0.294176
      14.765000        0.274876
      14.775000        0.267475
      14.785000        0.296279
      14.795000        0.302199
      14.805000        0.322191
      14.815000        0.339002
      14.825000        0.319532
      14.835000        0.309870
      14.845000        0.327227
      14.855000        0.305997
      14.865000        0.295967
      14.875000        0.333449
      14.885000        0.330247
      14.895000        0.317904
      14.905000        0.297159
      14.915000        0.258616
      14.925000        0.253531
      14.935000        0.264033
      14.945000        0.305461
      14.955000        0.293864
      14.965000        0.311930
      14.975000        0.303697
      14.985000        0.279529
      14.995000        0.329629
      15.005000        0.300846
      15.015000        0.264995
      15.025000        0.279557
      15.035000        0.297391
      15.045000        0.289985
      15.055000        0.279004
      15.065000        0.274502
      15.075000        0.299998
      15.085000        0.280604
      15.095000        0.249866
      15.105000        0.254480
      15.115000        0.274420
      15.125000        0.286006
      15.135000        0.279020
      15.145000        0.270831
      15.155000        0.294321
      15.165000        0.293724
      15.175000        0.261768
      15.185000        0.257674
      15.195000        0.242821
      15.205000        0.253295
      15.215000        0.247426
      15.225000        0.250105
      15.235000        0.324386
      15.245000        0.327788
      15.255000        0.250130
      15.265000        0.257669
      15.275000        0.268006
      15.285000        0.242117
      15.295000        0.232820
      15.305000        0.226493
      15.315000        0.221373
      15.325000        0.266077
      15.335000        0.270908
      15.345000        0.249505
      15.355000        0.275148
      15.365000        0.260609
      15.375000        0.263160
      15.385000        0.266226
      15.395000        0.267219
      15.405000        0.262562
      15.415000        0.238844
      15.425000        0.234326
      15.435000        0.272802
      15.445000        0.280629
      15.455000        0.235666
      15.465000        0.268764
      15.475000        0.268837
      15.485000        0.263285
      15.495000        0.262978
      15.505000        0.252411
      15.515000        0.295828
      15.525000        0.292996
      15.535000        0.242382
      15.545000        0.197320
      15.555000        0.190387
      15.565000        0.194166
      15.575000        0.236638
      15.585000        0.250263
      15.595000        0.242791
      15.605000        0.255587
      15.615000        0.236298
      15.625000        0.250171
      15.635000        0.256935
      15.645000        0.225190
      15.655000        0.229287
      15.665000        0.232374
      15.675000        0.219880
      15.685000        0.237798
      15.695000        0.232870
      15.705000        0.222069
      15.715000        0.216064
      15.725000        0.202033
      15.735000        0.239529
      15.745000        0.250247
      15.755000        0.235072
      15.765000        0.268239
      15.775000        0.302330
      15.785000        0.267447
      15.795000        0.244310
      15.805000        0.238264
      15.815000        0.210943
      15.825000        0.224763
      15.835000        0.238539
      15.845000        0.221904
      15.855000        0.231354
      15.865000        0.271562
      15.875000        0.251425
      15.885000        0.214994
      15.895000        0.232284
      15.905000        0.213825
      15.915000        0.201188
      15.925000        0.256288
      15.935000        0.236491
      15.945000        0.212618
      15.955000        0.208171
      15.965000        0.175805
      15.975000        0.201838
      15.985000        0.223401
      15.995000        0.187712
      16.005000        0.178234
      16.015000        0.189184
      16.025000        0.204014
      16.035000        0.212333
      16.045000        0.187329
      16.055000        0.192626
      16.065000        0.258457
      16.075000        0.229421
      16.085000        0.208664
      16.095000        0.239979
      16.105000        0.206030
      16.115000        0.179880
      16.125000        0.168263
      16.135000        0.179409
      16.145000        0.165821
      16.155000        0.170999
      16.165000        0.192571
      16.175000        0.206266
      16.185000        0.193729
      16.195000        0.181200
      16.205000        0.173928
      16.215000        0.150717
      16.225000        0.177848
      16.235000        0.208176
      16.245000        0.224305
      16.255000        0.201979
      16.265000        0.157861
      16.275000        0.186221
      16.285000        0.196340
      16.295000        0.193090
      16.305000        0.233133
      16.315000        0.215602
      16.325000        0.182558
      16.335000        0.179621
      16.345000        0.164711
      16.355000        0.195190
      16.365000        0.230576
      16.375000        0.221034
      16.385000        0.193564
      16.395000        0.175624
      16.405000        0.169932
      16.415000        0.145478
      16.425000        0.149585
      16.435000        0.156430
      16.445000        0.149919
      16.455000        0.160774
      16.465000        0.206444
      16.475000        0.179252
      16.485000        0.141619
      16.495000        0.173270
      16.505000        0.172418
      16.515000        0.199868
      16.525000        0.194844
      16.535000        0.130070
      16.545000        0.127427
      16.555000        0.153055
      16.565000        0.151918
      16.575000        0.125622
      16.585000        0.133431
      16.595000        0.175990
      16.605000        0.169187
      16.615000        0.191513
      16.625000        0.187511
      16.635000        0.183910
      16.645000        0.208638
      16.655000        0.161747
      16.665000        0.170844
      16.675000        0.165721
      16.685000        0.145847
      16.695000        0.166699
      16.705000        0.177555
      16.715000        0.193333
      16.725000        0.185418
      16.735000        0.175143
      16.745000        0.187117
      16.755000        0.161723
      16.765000        0.138980
      16.775000        0.154471
      16.785000        0.169367
      16.795000        0.176007
      16.805000        0.190785
      16.815000        0.187302
      16.825000        0.178661
      16.835000        0.182619
      16.845000        0.198688
      16.855000        0.181987
      16.865000        0.151791
      16.875000        0.151731
      16.885000        0.151325
      16.895000        0.201518
      16.905000        0.192525
      16.915000        0.158276
      16.925000        0.156707
      16.935000        0.156613
      16.945000        0.176140
      16.955000        0.189017
      16.965000        0.171742
      16.975000        0.130724
      16.985000        0.131471
      16.995000        0.166304
      17.005000        0.150496
      17.015000        0.144437
      17.025000        0.196692
      17.035000        0.188711
      17.045000        0.171162
      17.055000        0.174647
      17.065000        0.159137
      17.075000        0.136258
      17.085000        0.130043
      17.095000        0.144762
      17.105000        0.157485
      17.115000        0.176162
      17.125000        0.142801
      17.135000        0.134008
      17.145000        0.160750
      17.155000        0.130520
      17.165000        0.146281
      17.175000        0.162338
      17.185000        0.132022
      17.195000        0.143340
      17.205000        0.165298
      17.215000        0.146262
      17.225000        0.115328
      17.235000        0.128609
      17.245000        0.133467
      17.255000        0.118769
      17.265000        0.126728
      17.275000        0.127897
      17.285000        0.130279
      17.295000        0.142785
      17.305000        0.142809
      17.315000        0.155415
      17.325000        0.156567
      17.335000        0.128574
      17.345000        0.120433
      17.355000        0.128888
      17.365000        0.156039
      17.375000        0.166723
      17.385000        0.157283
      17.395000        0.137946
      17.405000        0.122875
      17.415000        0.133698
      17.425000        0.134614
      17.435000        0.135244
      17.445000        0.138892
      17.455000        0.149996
      17.465000        0.136177
      17.475000        0.136679
      17.485000        0.145584
      17.495000        0.120722
      17.505000        0.116453
      17.515000        0.109577
      17.525000        0.124203
      17.535000        0.120306
      17.545000        0.111698
      17.555000        0.113247
      17.565000        0.129315
      17.575000        0.133900
      17.585000        0.115076
      17.595000        0.117852
      17.605000        0.109134
      17.615000        0.112005
      17.625000        0.101719
      17.635000        0.094626
      17.645000        0.098688
      17.655000        0.103245
      17.665000        0.111048
      17.675000        0.101451
      17.685000        0.083650
      17.695000        0.099942
      17.705000        0.104098
      17.715000        0.096530
      17.725000        0.095449
      17.735000        0.092411
      17.745000        0.092627
      17.755000        0.097023
      17.765000        0.111685
      17.775000        0.120951
      17.785000        0.130572
      17.795000        0.121078
      17.805000        0.110464
      17.815000        0.104554
      17.825000        0.105609
      17.835000        0.107142
      17.845000        0.107246
      17.855000        0.102502
      17.865000        0.093541
      17.875000        0.105460
      17.885000        0.111400
      17.895000        0.102275
      17.905000        0.099962
      17.915000        0.114470
      17.925000        0.128394
      17.935000        0.109375
      17.945000        0.098024
      17.955000        0.104542
      17.965000        0.097316
      17.975000        0.107193
      17.985000        0.105420
      17.995000        0.085570
      18.005000        0.089445
      18.015000        0.085252
      18.025000        0.083127
      18.035000        0.088656
      18.045000        0.072582
      18.055000        0.073077
      18.065000        0.077792
      18.075000        0.079706
      18.085000        0.078544
      18.095000        0.074435
      18.105000        0.096144
      18.115000        0.112845
      18.125000        0.091881
      18.135000        0.096267
      18.145000        0.096144
      18.155000        0.094530
      18.165000        0.082026
      18.175000        0.072249
      18.185000        0.097478
      18.195000        0.090636
      18.205000        0.080616
      18.215000        0.082136
      18.225000        0.080827
      18.235000        0.088684
      18.245000        0.113300
      18.255000        0.107582
      18.265000        0.107484
      18.275000        0.101598
      18.285000        0.082464
      18.295000        0.080725
      18.305000        0.090031
      18.315000        0.099864
      18.325000        0.093250
      18.335000        0.087852
      18.345000        0.096441
      18.355000        0.116440
      18.365000        0.112499
      18.375000        0.123283
      18.385000        0.124874
      18.395000        0.119684
      18.405000        0.119926
      18.415000        0.113453
      18.425000        0.097928
      18.435000        0.076294
      18.445000        0.080078
      18.455000        0.071229
      18.465000        0.071352
      18.475000        0.083518
      18.485000        0.086787
      18.495000        0.079891
      18.505000        0.070741
      18.515000        0.065692
      18.525000        0.061882
      18.535000        0.054231
      18.545000        0.049559
      18.555000        0.064811
      18.565000        0.070215
      18.575000        0.061993
      18.585000        0.065953
      18.595000        0.070357
      18.605000        0.071193
      18.615000        0.067440
      18.625000        0.060669
      18.635000        0.051106
      18.645000        0.053678
      18.655000        0.074312
      18.665000        0.078906
      18.675000        0.069131
      18.685000        0.077802
      18.695000        0.078677
      18.705000        0.060397
      18.715000        0.064118
      18.725000        0.074198
      18.735000        0.087579
      18.745000        0.087975
      18.755000        0.070090
      18.765000        0.068659
      18.775000        0.072179
      18.785000        0.073280
      18.795000        0.071845
      18.805000        0.074466
      18.815000        0.086643
      18.825000        0.084687
      18.835000        0.073179
      18.845000        0.068291
      18.855000        0.068540
      18.865000        0.063444
      18.875000        0.083022
      18.885000        0.091866
      18.895000        0.075625
      18.905000        0.074383
      18.915000        0.059785
      18.925000        0.057596
      18.935000        0.060556
      18.945000        0.057247
      18.955000        0.057867
      18.965000        0.059751
      18.975000        0.052796
      18.985000        0.044417
      18.995000        0.050941
      19.005000        0.063915
      19.015000        0.066346
      19.025000        0.059705
      19.035000        0.060297
      19.045000        0.063941
      19.055000        0.067525
      19.065000        0.065641
      19.075000        0.064570
      19.085000        0.061671
      19.095000        0.062836
      19.105000        0.068456
      19.115000        0.064275
      19.125000        0.065480
      19.135000        0.063131
      19.145000        0.061951
      19.155000        0.062811
      19.165000        0.063896
      19.175000        0.070071
      19.185000        0.073417
      19.195000        0.075862
      19.205000        0.066652
      19.215000        0.064761
      19.225000        0.070920
      19.235000        0.073693
      19.245000        0.078667
      19.255000        0.068700
      19.265000        0.062195
      19.275000        0.079336
      19.285000        0.075502
      19.295000        0.059252
      19.305000        0.064589
      19.315000        0.084966
      19.325000        0.076783
      19.335000        0.059169
      19.345000        0.080607
      19.355000        0.084196
      19.365000        0.082629
      19.375000        0.084413
      19.385000        0.067746
      19.395000        0.068187
      19.405000        0.079240
      19.415000        0.068169
      19.425000        0.064757
      19.435000        0.065182
      19.445000        0.056483
      19.455000        0.063667
      19.465000        0.066436
      19.475000        0.066466
      19.485000        0.068043
      19.495000        0.071442
      19.505000        0.072882
      19.515000        0.071746
      19.525000        0.069694
      19.535000        0.070176
      19.545000        0.073891
      19.555000        0.068094
      19.565000        0.069460
      19.575000        0.069813
      19.585000        0.068262
      19.595000        0.072274
      19.605000        0.069483
      19.615000        0.067657
      19.625000        0.065377
      19.635000        0.061575
      19.645000        0.067637
      19.655000        0.073158
      19.665000        0.072137
      19.675000        0.061192
      19.685000        0.061956
      19.695000        0.077147
      19.705000        0.083622
      19.715000        0.083869
      19.725000        0.075075
      19.735000        0.069607
      19.745000        0.079047
      19.755000        0.076778
      19.765000        0.063077
      19.775000        0.058918
      19.785000        0.066645
      19.795000        0.061625
      19.805000        0.057298
      19.815000        0.074787
      19.825000        0.074223
      19.835000        0.065438
      19.845000        0.066992
      19.855000        0.071425
      19.865000        0.077053
      19.875000        0.084648
      19.885000        0.078300
      19.895000        0.072646
      19.905000        0.072297
      19.915000        0.079208
      19.925000        0.083931
      19.935000        0.075746
      19.945000        0.074948
      19.955000        0.076498
      19.965000        0.080857
      19.975000        0.067859
      19.985000        0.052203
      19.995000        0.063270
