#  E (eV)   dos(E)     Int dos(E) EFermi =   -1.828 eV
 -25.000  0.0000E+00  0.0000E+00
 -24.950  0.0000E+00  0.0000E+00
 -24.900  0.0000E+00  0.0000E+00
 -24.850  0.0000E+00  0.0000E+00
 -24.800  0.0000E+00  0.0000E+00
 -24.750  0.0000E+00  0.0000E+00
 -24.700  0.0000E+00  0.0000E+00
 -24.650  0.0000E+00  0.0000E+00
 -24.600  0.0000E+00  0.0000E+00
 -24.550  0.0000E+00  0.0000E+00
 -24.500  0.0000E+00  0.0000E+00
 -24.450  0.0000E+00  0.0000E+00
 -24.400  0.0000E+00  0.0000E+00
 -24.350  0.0000E+00  0.0000E+00
 -24.300  0.0000E+00  0.0000E+00
 -24.250  0.0000E+00  0.0000E+00
 -24.200  0.0000E+00  0.0000E+00
 -24.150  0.0000E+00  0.0000E+00
 -24.100  0.0000E+00  0.0000E+00
 -24.050  0.0000E+00  0.0000E+00
 -24.000  0.0000E+00  0.0000E+00
 -23.950  0.0000E+00  0.0000E+00
 -23.900  0.0000E+00  0.0000E+00
 -23.850  0.0000E+00  0.0000E+00
 -23.800  0.0000E+00  0.0000E+00
 -23.750  0.0000E+00  0.0000E+00
 -23.700  0.0000E+00  0.0000E+00
 -23.650  0.0000E+00  0.0000E+00
 -23.600  0.0000E+00  0.0000E+00
 -23.550  0.0000E+00  0.0000E+00
 -23.500  0.0000E+00  0.0000E+00
 -23.450  0.0000E+00  0.0000E+00
 -23.400  0.0000E+00  0.0000E+00
 -23.350  0.0000E+00  0.0000E+00
 -23.300  0.0000E+00  0.0000E+00
 -23.250  0.0000E+00  0.0000E+00
 -23.200  0.0000E+00  0.0000E+00
 -23.150  0.0000E+00  0.0000E+00
 -23.100  0.0000E+00  0.0000E+00
 -23.050  0.0000E+00  0.0000E+00
 -23.000  0.0000E+00  0.0000E+00
 -22.950  0.0000E+00  0.0000E+00
 -22.900  0.0000E+00  0.0000E+00
 -22.850  0.0000E+00  0.0000E+00
 -22.800  0.0000E+00  0.0000E+00
 -22.750  0.0000E+00  0.0000E+00
 -22.700  0.0000E+00  0.0000E+00
 -22.650  0.0000E+00  0.0000E+00
 -22.600  0.0000E+00  0.0000E+00
 -22.550  0.0000E+00  0.0000E+00
 -22.500  0.0000E+00  0.0000E+00
 -22.450  0.0000E+00  0.0000E+00
 -22.400  0.0000E+00  0.0000E+00
 -22.350  0.0000E+00  0.0000E+00
 -22.300  0.0000E+00  0.0000E+00
 -22.250  0.0000E+00  0.0000E+00
 -22.200  0.0000E+00  0.0000E+00
 -22.150  0.0000E+00  0.0000E+00
 -22.100  0.0000E+00  0.0000E+00
 -22.050  0.0000E+00  0.0000E+00
 -22.000  0.0000E+00  0.0000E+00
 -21.950  0.0000E+00  0.0000E+00
 -21.900  0.0000E+00  0.0000E+00
 -21.850  0.0000E+00  0.0000E+00
 -21.800  0.0000E+00  0.0000E+00
 -21.750  0.0000E+00  0.0000E+00
 -21.700  0.0000E+00  0.0000E+00
 -21.650  0.0000E+00  0.0000E+00
 -21.600  0.0000E+00  0.0000E+00
 -21.550  0.0000E+00  0.0000E+00
 -21.500  0.0000E+00  0.0000E+00
 -21.450  0.0000E+00  0.0000E+00
 -21.400  0.2872E+00  0.2192E-02
 -21.350  0.3080E+00  0.1759E-01
 -21.300  0.3090E+00  0.3312E-01
 -21.250  0.3100E+00  0.4852E-01
 -21.200  0.3078E+00  0.6390E-01
 -21.150  0.3082E+00  0.7925E-01
 -21.100  0.3066E+00  0.9463E-01
 -21.050  0.3072E+00  0.1100E+00
 -21.000  0.3101E+00  0.1255E+00
 -20.950  0.3084E+00  0.1409E+00
 -20.900  0.3090E+00  0.1563E+00
 -20.850  0.3115E+00  0.1718E+00
 -20.800  0.3093E+00  0.1874E+00
 -20.750  0.3114E+00  0.2029E+00
 -20.700  0.3101E+00  0.2184E+00
 -20.650  0.3114E+00  0.2339E+00
 -20.600  0.3101E+00  0.2494E+00
 -20.550  0.3114E+00  0.2650E+00
 -20.500  0.3105E+00  0.2805E+00
 -20.450  0.3117E+00  0.2961E+00
 -20.400  0.3107E+00  0.3117E+00
 -20.350  0.3111E+00  0.3272E+00
 -20.300  0.3106E+00  0.3428E+00
 -20.250  0.3108E+00  0.3583E+00
 -20.200  0.3119E+00  0.3739E+00
 -20.150  0.3114E+00  0.3894E+00
 -20.100  0.3120E+00  0.4050E+00
 -20.050  0.3123E+00  0.4207E+00
 -20.000  0.3118E+00  0.4362E+00
 -19.950  0.3126E+00  0.4519E+00
 -19.900  0.3130E+00  0.4675E+00
 -19.850  0.3131E+00  0.4832E+00
 -19.800  0.3138E+00  0.4988E+00
 -19.750  0.3129E+00  0.5145E+00
 -19.700  0.3128E+00  0.5302E+00
 -19.650  0.3134E+00  0.5458E+00
 -19.600  0.3134E+00  0.5615E+00
 -19.550  0.3136E+00  0.5772E+00
 -19.500  0.3146E+00  0.5929E+00
 -19.450  0.3147E+00  0.6086E+00
 -19.400  0.3147E+00  0.6243E+00
 -19.350  0.3150E+00  0.6401E+00
 -19.300  0.3156E+00  0.6558E+00
 -19.250  0.3150E+00  0.6716E+00
 -19.200  0.3155E+00  0.6874E+00
 -19.150  0.3161E+00  0.7032E+00
 -19.100  0.3158E+00  0.7190E+00
 -19.050  0.3161E+00  0.7348E+00
 -19.000  0.3168E+00  0.7506E+00
 -18.950  0.3175E+00  0.7664E+00
 -18.900  0.3178E+00  0.7823E+00
 -18.850  0.3184E+00  0.7982E+00
 -18.800  0.3190E+00  0.8142E+00
 -18.750  0.3188E+00  0.8301E+00
 -18.700  0.3187E+00  0.8460E+00
 -18.650  0.3193E+00  0.8620E+00
 -18.600  0.3198E+00  0.8780E+00
 -18.550  0.3193E+00  0.8939E+00
 -18.500  0.3198E+00  0.9099E+00
 -18.450  0.3203E+00  0.9259E+00
 -18.400  0.3211E+00  0.9420E+00
 -18.350  0.3211E+00  0.9580E+00
 -18.300  0.3214E+00  0.9741E+00
 -18.250  0.3219E+00  0.9902E+00
 -18.200  0.3225E+00  0.1006E+01
 -18.150  0.3222E+00  0.1022E+01
 -18.100  0.3225E+00  0.1039E+01
 -18.050  0.3232E+00  0.1055E+01
 -18.000  0.3238E+00  0.1071E+01
 -17.950  0.3238E+00  0.1087E+01
 -17.900  0.3242E+00  0.1103E+01
 -17.850  0.3248E+00  0.1119E+01
 -17.800  0.3255E+00  0.1136E+01
 -17.750  0.3254E+00  0.1152E+01
 -17.700  0.3257E+00  0.1168E+01
 -17.650  0.3262E+00  0.1185E+01
 -17.600  0.3269E+00  0.1201E+01
 -17.550  0.3276E+00  0.1217E+01
 -17.500  0.3280E+00  0.1234E+01
 -17.450  0.3287E+00  0.1250E+01
 -17.400  0.3295E+00  0.1266E+01
 -17.350  0.3302E+00  0.1283E+01
 -17.300  0.3304E+00  0.1299E+01
 -17.250  0.3311E+00  0.1316E+01
 -17.200  0.3320E+00  0.1333E+01
 -17.150  0.3330E+00  0.1349E+01
 -17.100  0.3334E+00  0.1366E+01
 -17.050  0.3345E+00  0.1383E+01
 -17.000  0.3351E+00  0.1399E+01
 -16.950  0.3363E+00  0.1416E+01
 -16.900  0.3378E+00  0.1433E+01
 -16.850  0.3386E+00  0.1450E+01
 -16.800  0.3405E+00  0.1467E+01
 -16.750  0.3418E+00  0.1484E+01
 -16.700  0.3436E+00  0.1501E+01
 -16.650  0.3457E+00  0.1518E+01
 -16.600  0.3475E+00  0.1536E+01
 -16.550  0.3501E+00  0.1553E+01
 -16.500  0.3524E+00  0.1571E+01
 -16.450  0.3566E+00  0.1588E+01
 -16.400  0.3615E+00  0.1606E+01
 -16.350  0.3655E+00  0.1624E+01
 -16.300  0.3739E+00  0.1643E+01
 -16.250  0.3810E+00  0.1662E+01
 -16.200  0.3989E+00  0.1681E+01
 -16.150  0.4155E+00  0.1702E+01
 -16.100  0.4827E+00  0.1724E+01
 -16.050  0.4508E+00  0.1751E+01
 -16.000  0.3764E+00  0.1772E+01
 -15.950  0.3549E+00  0.1790E+01
 -15.900  0.3050E+00  0.1806E+01
 -15.850  0.3107E+00  0.1822E+01
 -15.800  0.2638E+00  0.1836E+01
 -15.750  0.2560E+00  0.1848E+01
 -15.700  0.2377E+00  0.1861E+01
 -15.650  0.2181E+00  0.1872E+01
 -15.600  0.2194E+00  0.1883E+01
 -15.550  0.1967E+00  0.1893E+01
 -15.500  0.1804E+00  0.1903E+01
 -15.450  0.1709E+00  0.1911E+01
 -15.400  0.1665E+00  0.1920E+01
 -15.350  0.1523E+00  0.1928E+01
 -15.300  0.1433E+00  0.1935E+01
 -15.250  0.3034E+00  0.1943E+01
 -15.200  0.3191E+00  0.1960E+01
 -15.150  0.3175E+00  0.1976E+01
 -15.100  0.3322E+00  0.1992E+01
 -15.050  0.3144E+00  0.2009E+01
 -15.000  0.3415E+00  0.2025E+01
 -14.950  0.3224E+00  0.2042E+01
 -14.900  0.3325E+00  0.2058E+01
 -14.850  0.3311E+00  0.2075E+01
 -14.800  0.3283E+00  0.2091E+01
 -14.750  0.3391E+00  0.2108E+01
 -14.700  0.3271E+00  0.2124E+01
 -14.650  0.3316E+00  0.2141E+01
 -14.600  0.3426E+00  0.2158E+01
 -14.550  0.3281E+00  0.2174E+01
 -14.500  0.3335E+00  0.2191E+01
 -14.450  0.3409E+00  0.2208E+01
 -14.400  0.3472E+00  0.2225E+01
 -14.350  0.3683E+00  0.2242E+01
 -14.300  0.4088E+00  0.2262E+01
 -14.250  0.4805E+00  0.2283E+01
 -14.200  0.4806E+00  0.2310E+01
 -14.150  0.4298E+00  0.2332E+01
 -14.100  0.4048E+00  0.2352E+01
 -14.050  0.3939E+00  0.2372E+01
 -14.000  0.3792E+00  0.2392E+01
 -13.950  0.3740E+00  0.2411E+01
 -13.900  0.3662E+00  0.2429E+01
 -13.850  0.3597E+00  0.2447E+01
 -13.800  0.3539E+00  0.2465E+01
 -13.750  0.3502E+00  0.2483E+01
 -13.700  0.3438E+00  0.2500E+01
 -13.650  0.3402E+00  0.2517E+01
 -13.600  0.3350E+00  0.2534E+01
 -13.550  0.3302E+00  0.2551E+01
 -13.500  0.3259E+00  0.2567E+01
 -13.450  0.3222E+00  0.2583E+01
 -13.400  0.3191E+00  0.2599E+01
 -13.350  0.3147E+00  0.2615E+01
 -13.300  0.3126E+00  0.2631E+01
 -13.250  0.3092E+00  0.2646E+01
 -13.200  0.3065E+00  0.2662E+01
 -13.150  0.3029E+00  0.2677E+01
 -13.100  0.3002E+00  0.2692E+01
 -13.050  0.2973E+00  0.2707E+01
 -13.000  0.2937E+00  0.2722E+01
 -12.950  0.2903E+00  0.2736E+01
 -12.900  0.2875E+00  0.2751E+01
 -12.850  0.2839E+00  0.2765E+01
 -12.800  0.2818E+00  0.2779E+01
 -12.750  0.2793E+00  0.2793E+01
 -12.700  0.2769E+00  0.2807E+01
 -12.650  0.3532E+00  0.2824E+01
 -12.600  0.3602E+00  0.2842E+01
 -12.550  0.3564E+00  0.2860E+01
 -12.500  0.3593E+00  0.2878E+01
 -12.450  0.3604E+00  0.2896E+01
 -12.400  0.3583E+00  0.2914E+01
 -12.350  0.3592E+00  0.2932E+01
 -12.300  0.3595E+00  0.2950E+01
 -12.250  0.3611E+00  0.2968E+01
 -12.200  0.3588E+00  0.2986E+01
 -12.150  0.3612E+00  0.3004E+01
 -12.100  0.3620E+00  0.3022E+01
 -12.050  0.3642E+00  0.3040E+01
 -12.000  0.3638E+00  0.3058E+01
 -11.950  0.3651E+00  0.3077E+01
 -11.900  0.3647E+00  0.3095E+01
 -11.850  0.3676E+00  0.3113E+01
 -11.800  0.3680E+00  0.3132E+01
 -11.750  0.3682E+00  0.3150E+01
 -11.700  0.3691E+00  0.3168E+01
 -11.650  0.3708E+00  0.3187E+01
 -11.600  0.3730E+00  0.3205E+01
 -11.550  0.3741E+00  0.3224E+01
 -11.500  0.3766E+00  0.3243E+01
 -11.450  0.3763E+00  0.3262E+01
 -11.400  0.3781E+00  0.3281E+01
 -11.350  0.3782E+00  0.3300E+01
 -11.300  0.3790E+00  0.3318E+01
 -11.250  0.3806E+00  0.3337E+01
 -11.200  0.3817E+00  0.3357E+01
 -11.150  0.3830E+00  0.3376E+01
 -11.100  0.3845E+00  0.3395E+01
 -11.050  0.3875E+00  0.3414E+01
 -11.000  0.3884E+00  0.3434E+01
 -10.950  0.3896E+00  0.3453E+01
 -10.900  0.3923E+00  0.3473E+01
 -10.850  0.3938E+00  0.3492E+01
 -10.800  0.3946E+00  0.3512E+01
 -10.750  0.3965E+00  0.3532E+01
 -10.700  0.3985E+00  0.3552E+01
 -10.650  0.4007E+00  0.3572E+01
 -10.600  0.4029E+00  0.3592E+01
 -10.550  0.4043E+00  0.3612E+01
 -10.500  0.4065E+00  0.3632E+01
 -10.450  0.4084E+00  0.3653E+01
 -10.400  0.4112E+00  0.3673E+01
 -10.350  0.4123E+00  0.3694E+01
 -10.300  0.4141E+00  0.3714E+01
 -10.250  0.4164E+00  0.3735E+01
 -10.200  0.4201E+00  0.3756E+01
 -10.150  0.4228E+00  0.3777E+01
 -10.100  0.4254E+00  0.3798E+01
 -10.050  0.4290E+00  0.3820E+01
 -10.000  0.4310E+00  0.3841E+01
  -9.950  0.4339E+00  0.3863E+01
  -9.900  0.4382E+00  0.3884E+01
  -9.850  0.4411E+00  0.3906E+01
  -9.800  0.4442E+00  0.3929E+01
  -9.750  0.4472E+00  0.3951E+01
  -9.700  0.6825E+00  0.3975E+01
  -9.650  0.7098E+00  0.4010E+01
  -9.600  0.7148E+00  0.4046E+01
  -9.550  0.7122E+00  0.4082E+01
  -9.500  0.7202E+00  0.4117E+01
  -9.450  0.7187E+00  0.4153E+01
  -9.400  0.7244E+00  0.4189E+01
  -9.350  0.7292E+00  0.4226E+01
  -9.300  0.7368E+00  0.4262E+01
  -9.250  0.7452E+00  0.4299E+01
  -9.200  0.7563E+00  0.4337E+01
  -9.150  0.7614E+00  0.4375E+01
  -9.100  0.7739E+00  0.4413E+01
  -9.050  0.7844E+00  0.4452E+01
  -9.000  0.7964E+00  0.4492E+01
  -8.950  0.8027E+00  0.4532E+01
  -8.900  0.8140E+00  0.4572E+01
  -8.850  0.8258E+00  0.4613E+01
  -8.800  0.8378E+00  0.4655E+01
  -8.750  0.8535E+00  0.4697E+01
  -8.700  0.8728E+00  0.4740E+01
  -8.650  0.8901E+00  0.4784E+01
  -8.600  0.9143E+00  0.4829E+01
  -8.550  0.9587E+00  0.4876E+01
  -8.500  0.1031E+01  0.4926E+01
  -8.450  0.1230E+01  0.4982E+01
  -8.400  0.1487E+01  0.5048E+01
  -8.350  0.1291E+01  0.5106E+01
  -8.300  0.9998E+00  0.5155E+01
  -8.250  0.8917E+00  0.5203E+01
  -8.200  0.1038E+01  0.5252E+01
  -8.150  0.8839E+00  0.5299E+01
  -8.100  0.8441E+00  0.5342E+01
  -8.050  0.8176E+00  0.5383E+01
  -8.000  0.7973E+00  0.5424E+01
  -7.950  0.7934E+00  0.5463E+01
  -7.900  0.8583E+00  0.5504E+01
  -7.850  0.8095E+00  0.5547E+01
  -7.800  0.6692E+00  0.5582E+01
  -7.750  0.6613E+00  0.5614E+01
  -7.700  0.7358E+00  0.5653E+01
  -7.650  0.7479E+00  0.5691E+01
  -7.600  0.7307E+00  0.5728E+01
  -7.550  0.7225E+00  0.5764E+01
  -7.500  0.7111E+00  0.5800E+01
  -7.450  0.7699E+00  0.5836E+01
  -7.400  0.6133E+00  0.5870E+01
  -7.350  0.6376E+00  0.5899E+01
  -7.300  0.6871E+00  0.5936E+01
  -7.250  0.6531E+00  0.5970E+01
  -7.200  0.6457E+00  0.6002E+01
  -7.150  0.6448E+00  0.6034E+01
  -7.100  0.6381E+00  0.6066E+01
  -7.050  0.6345E+00  0.6098E+01
  -7.000  0.6299E+00  0.6130E+01
  -6.950  0.6252E+00  0.6161E+01
  -6.900  0.6256E+00  0.6192E+01
  -6.850  0.6142E+00  0.6223E+01
  -6.800  0.6096E+00  0.6254E+01
  -6.750  0.6058E+00  0.6284E+01
  -6.700  0.6045E+00  0.6315E+01
  -6.650  0.6015E+00  0.6345E+01
  -6.600  0.5961E+00  0.6375E+01
  -6.550  0.5922E+00  0.6405E+01
  -6.500  0.5867E+00  0.6434E+01
  -6.450  0.5811E+00  0.6463E+01
  -6.400  0.5797E+00  0.6492E+01
  -6.350  0.5755E+00  0.6521E+01
  -6.300  0.5731E+00  0.6550E+01
  -6.250  0.5749E+00  0.6579E+01
  -6.200  0.5718E+00  0.6607E+01
  -6.150  0.5694E+00  0.6636E+01
  -6.100  0.5666E+00  0.6664E+01
  -6.050  0.5619E+00  0.6692E+01
  -6.000  0.5582E+00  0.6720E+01
  -5.950  0.5574E+00  0.6748E+01
  -5.900  0.5551E+00  0.6776E+01
  -5.850  0.5547E+00  0.6804E+01
  -5.800  0.5510E+00  0.6831E+01
  -5.750  0.5506E+00  0.6859E+01
  -5.700  0.5480E+00  0.6886E+01
  -5.650  0.5452E+00  0.6914E+01
  -5.600  0.5439E+00  0.6941E+01
  -5.550  0.5439E+00  0.6968E+01
  -5.500  0.5468E+00  0.6995E+01
  -5.450  0.5398E+00  0.7023E+01
  -5.400  0.5386E+00  0.7050E+01
  -5.350  0.5400E+00  0.7077E+01
  -5.300  0.5379E+00  0.7103E+01
  -5.250  0.5423E+00  0.7131E+01
  -5.200  0.5439E+00  0.7158E+01
  -5.150  0.5378E+00  0.7185E+01
  -5.100  0.5528E+00  0.7212E+01
  -5.050  0.5461E+00  0.7240E+01
  -5.000  0.5468E+00  0.7267E+01
  -4.950  0.5390E+00  0.7294E+01
  -4.900  0.4095E+00  0.7321E+01
  -4.850  0.3483E+00  0.7338E+01
  -4.800  0.3547E+00  0.7356E+01
  -4.750  0.3605E+00  0.7374E+01
  -4.700  0.3683E+00  0.7392E+01
  -4.650  0.3773E+00  0.7411E+01
  -4.600  0.3857E+00  0.7430E+01
  -4.550  0.3981E+00  0.7449E+01
  -4.500  0.4122E+00  0.7470E+01
  -4.450  0.4316E+00  0.7491E+01
  -4.400  0.4589E+00  0.7513E+01
  -4.350  0.5031E+00  0.7537E+01
  -4.300  0.5984E+00  0.7564E+01
  -4.250  0.6307E+00  0.7598E+01
  -4.200  0.5057E+00  0.7627E+01
  -4.150  0.4378E+00  0.7650E+01
  -4.100  0.4121E+00  0.7672E+01
  -4.050  0.3755E+00  0.7691E+01
  -4.000  0.3475E+00  0.7709E+01
  -3.950  0.3311E+00  0.7726E+01
  -3.900  0.3099E+00  0.7742E+01
  -3.850  0.2936E+00  0.7757E+01
  -3.800  0.2785E+00  0.7772E+01
  -3.750  0.2657E+00  0.7785E+01
  -3.700  0.2519E+00  0.7798E+01
  -3.650  0.2373E+00  0.7810E+01
  -3.600  0.2287E+00  0.7822E+01
  -3.550  0.2199E+00  0.7833E+01
  -3.500  0.2062E+00  0.7844E+01
  -3.450  0.1986E+00  0.7854E+01
  -3.400  0.1897E+00  0.7863E+01
  -3.350  0.1818E+00  0.7873E+01
  -3.300  0.1742E+00  0.7882E+01
  -3.250  0.1657E+00  0.7890E+01
  -3.200  0.1601E+00  0.7898E+01
  -3.150  0.1500E+00  0.7906E+01
  -3.100  0.1439E+00  0.7913E+01
  -3.050  0.1370E+00  0.7920E+01
  -3.000  0.1311E+00  0.7927E+01
  -2.950  0.1230E+00  0.7933E+01
  -2.900  0.1173E+00  0.7939E+01
  -2.850  0.1100E+00  0.7945E+01
  -2.800  0.1045E+00  0.7951E+01
  -2.750  0.9821E-01  0.7956E+01
  -2.700  0.9342E-01  0.7960E+01
  -2.650  0.8724E-01  0.7965E+01
  -2.600  0.8280E-01  0.7969E+01
  -2.550  0.7511E-01  0.7973E+01
  -2.500  0.7038E-01  0.7977E+01
  -2.450  0.6441E-01  0.7980E+01
  -2.400  0.5909E-01  0.7983E+01
  -2.350  0.5372E-01  0.7986E+01
  -2.300  0.4812E-01  0.7989E+01
  -2.250  0.4125E-01  0.7991E+01
  -2.200  0.3792E-01  0.7993E+01
  -2.150  0.3350E-01  0.7995E+01
  -2.100  0.2897E-01  0.7996E+01
  -2.050  0.2496E-01  0.7998E+01
  -2.000  0.1428E-01  0.7998E+01
  -1.950  0.1174E-01  0.7999E+01
  -1.900  0.8594E-02  0.8000E+01
  -1.850  0.4926E-02  0.8000E+01
  -1.800  0.5444E-02  0.8000E+01
  -1.750  0.9202E-02  0.8000E+01
  -1.700  0.1270E-01  0.8001E+01
  -1.650  0.1546E-01  0.8002E+01
  -1.600  0.2707E-01  0.8003E+01
  -1.550  0.3190E-01  0.8004E+01
  -1.500  0.3674E-01  0.8006E+01
  -1.450  0.4087E-01  0.8008E+01
  -1.400  0.5012E-01  0.8010E+01
  -1.350  0.5449E-01  0.8013E+01
  -1.300  0.6116E-01  0.8016E+01
  -1.250  0.6728E-01  0.8019E+01
  -1.200  0.7322E-01  0.8022E+01
  -1.150  0.7846E-01  0.8026E+01
  -1.100  0.8946E-01  0.8030E+01
  -1.050  0.9559E-01  0.8035E+01
  -1.000  0.1046E+00  0.8040E+01
  -0.950  0.1137E+00  0.8045E+01
  -0.900  0.1230E+00  0.8051E+01
  -0.850  0.1305E+00  0.8058E+01
  -0.800  0.1398E+00  0.8064E+01
  -0.750  0.1562E+00  0.8072E+01
  -0.700  0.1698E+00  0.8080E+01
  -0.650  0.1783E+00  0.8088E+01
  -0.600  0.1939E+00  0.8098E+01
  -0.550  0.2143E+00  0.8108E+01
  -0.500  0.2347E+00  0.8119E+01
  -0.450  0.2572E+00  0.8131E+01
  -0.400  0.2954E+00  0.8145E+01
  -0.350  0.3191E+00  0.8161E+01
  -0.300  0.4119E+00  0.8179E+01
  -0.250  0.5241E+00  0.8202E+01
  -0.200  0.1283E+01  0.8242E+01
  -0.150  0.6638E+00  0.8284E+01
  -0.100  0.5545E+00  0.8313E+01
  -0.050  0.4966E+00  0.8339E+01
   0.000  0.4511E+00  0.8363E+01
   0.050  0.4270E+00  0.8385E+01
   0.100  0.4014E+00  0.8405E+01
   0.150  0.3855E+00  0.8425E+01
   0.200  0.3683E+00  0.8444E+01
   0.250  0.3576E+00  0.8462E+01
   0.300  0.3456E+00  0.8480E+01
   0.350  0.3372E+00  0.8497E+01
   0.400  0.3291E+00  0.8513E+01
   0.450  0.3206E+00  0.8530E+01
   0.500  0.3143E+00  0.8546E+01
   0.550  0.3071E+00  0.8561E+01
   0.600  0.2996E+00  0.8576E+01
   0.650  0.2960E+00  0.8591E+01
   0.700  0.2899E+00  0.8606E+01
   0.750  0.2850E+00  0.8620E+01
   0.800  0.2806E+00  0.8634E+01
   0.850  0.2762E+00  0.8648E+01
   0.900  0.2714E+00  0.8662E+01
   0.950  0.2682E+00  0.8675E+01
   1.000  0.2644E+00  0.8689E+01
   1.050  0.2607E+00  0.8702E+01
   1.100  0.2574E+00  0.8715E+01
   1.150  0.2552E+00  0.8728E+01
   1.200  0.2513E+00  0.8740E+01
   1.250  0.2483E+00  0.8753E+01
   1.300  0.2464E+00  0.8765E+01
   1.350  0.2428E+00  0.8777E+01
   1.400  0.2399E+00  0.8789E+01
   1.450  0.4682E+00  0.8806E+01
   1.500  0.4645E+00  0.8829E+01
   1.550  0.4578E+00  0.8852E+01
   1.600  0.4562E+00  0.8874E+01
   1.650  0.4547E+00  0.8897E+01
   1.700  0.4504E+00  0.8920E+01
   1.750  0.4474E+00  0.8942E+01
   1.800  0.4479E+00  0.8965E+01
   1.850  0.4443E+00  0.8987E+01
   1.900  0.4433E+00  0.9009E+01
   1.950  0.4406E+00  0.9031E+01
   2.000  0.4393E+00  0.9053E+01
   2.050  0.4373E+00  0.9075E+01
   2.100  0.4368E+00  0.9097E+01
   2.150  0.4333E+00  0.9119E+01
   2.200  0.4327E+00  0.9140E+01
   2.250  0.4298E+00  0.9162E+01
   2.300  0.4288E+00  0.9183E+01
   2.350  0.4273E+00  0.9205E+01
   2.400  0.4252E+00  0.9226E+01
   2.450  0.4247E+00  0.9247E+01
   2.500  0.4225E+00  0.9268E+01
   2.550  0.6496E+00  0.9298E+01
   2.600  0.6400E+00  0.9330E+01
   2.650  0.6386E+00  0.9362E+01
   2.700  0.6371E+00  0.9394E+01
   2.750  0.6373E+00  0.9426E+01
   2.800  0.6363E+00  0.9458E+01
   2.850  0.6334E+00  0.9490E+01
   2.900  0.6333E+00  0.9522E+01
   2.950  0.8512E+00  0.9560E+01
   3.000  0.8468E+00  0.9603E+01
   3.050  0.8471E+00  0.9645E+01
   3.100  0.8470E+00  0.9688E+01
   3.150  0.8494E+00  0.9730E+01
   3.200  0.8461E+00  0.9773E+01
   3.250  0.8438E+00  0.9815E+01
   3.300  0.8473E+00  0.9857E+01
   3.350  0.8420E+00  0.9899E+01
   3.400  0.8427E+00  0.9941E+01
   3.450  0.8417E+00  0.9983E+01
   3.500  0.8411E+00  0.1003E+02
   3.550  0.8403E+00  0.1007E+02
   3.600  0.8397E+00  0.1011E+02
   3.650  0.8371E+00  0.1015E+02
   3.700  0.8372E+00  0.1019E+02
   3.750  0.8338E+00  0.1024E+02
   3.800  0.8309E+00  0.1028E+02
   3.850  0.8293E+00  0.1032E+02
   3.900  0.8281E+00  0.1036E+02
   3.950  0.8202E+00  0.1040E+02
   4.000  0.8171E+00  0.1044E+02
   4.050  0.8156E+00  0.1048E+02
   4.100  0.8321E+00  0.1052E+02
   4.150  0.8778E+00  0.1057E+02
   4.200  0.9811E+00  0.1061E+02
   4.250  0.8036E+00  0.1066E+02
   4.300  0.6432E+00  0.1069E+02
   4.350  0.8515E+00  0.1073E+02
   4.400  0.8503E+00  0.1077E+02
   4.450  0.9997E+00  0.1082E+02
   4.500  0.8638E+00  0.1086E+02
   4.550  0.8284E+00  0.1091E+02
   4.600  0.8211E+00  0.1095E+02
   4.650  0.8427E+00  0.1099E+02
   4.700  0.8760E+00  0.1103E+02
   4.750  0.1062E+01  0.1108E+02
   4.800  0.8788E+00  0.1113E+02
   4.850  0.8140E+00  0.1117E+02
   4.900  0.8320E+00  0.1121E+02
   4.950  0.8072E+00  0.1125E+02
   5.000  0.7183E+00  0.1129E+02
   5.050  0.6552E+00  0.1132E+02
   5.100  0.7885E+00  0.1135E+02
   5.150  0.9715E+00  0.1140E+02
   5.200  0.1807E+01  0.1147E+02
   5.250  0.9693E+00  0.1154E+02
   5.300  0.7474E+00  0.1158E+02
   5.350  0.1084E+01  0.1163E+02
   5.400  0.1265E+01  0.1169E+02
   5.450  0.1062E+01  0.1175E+02
   5.500  0.1042E+01  0.1180E+02
   5.550  0.1547E+01  0.1187E+02
   5.600  0.1565E+01  0.1194E+02
   5.650  0.1606E+01  0.1202E+02
   5.700  0.1557E+01  0.1210E+02
   5.750  0.1640E+01  0.1219E+02
   5.800  0.1582E+01  0.1227E+02
   5.850  0.1799E+01  0.1235E+02
   5.900  0.1826E+01  0.1244E+02
   5.950  0.1788E+01  0.1254E+02
   6.000  0.1643E+01  0.1262E+02
   6.050  0.1921E+01  0.1271E+02
   6.100  0.1826E+01  0.1280E+02
   6.150  0.1842E+01  0.1289E+02
   6.200  0.1872E+01  0.1298E+02
   6.250  0.1900E+01  0.1308E+02
   6.300  0.1936E+01  0.1318E+02
   6.350  0.2170E+01  0.1328E+02
   6.400  0.1971E+01  0.1338E+02
   6.450  0.1756E+01  0.1348E+02
   6.500  0.1655E+01  0.1357E+02
   6.550  0.1498E+01  0.1365E+02
   6.600  0.1628E+01  0.1373E+02
   6.650  0.2862E+01  0.1385E+02
   6.700  0.2822E+01  0.1402E+02
   6.750  0.2357E+01  0.1414E+02
   6.800  0.2180E+01  0.1426E+02
   6.850  0.2088E+01  0.1436E+02
   6.900  0.1999E+01  0.1446E+02
   6.950  0.1995E+01  0.1456E+02
   7.000  0.2039E+01  0.1466E+02
   7.050  0.1840E+01  0.1476E+02
   7.100  0.1765E+01  0.1485E+02
   7.150  0.1855E+01  0.1494E+02
   7.200  0.1795E+01  0.1503E+02
   7.250  0.1773E+01  0.1512E+02
   7.300  0.1743E+01  0.1521E+02
   7.350  0.1762E+01  0.1530E+02
   7.400  0.1725E+01  0.1538E+02
   7.450  0.1707E+01  0.1547E+02
   7.500  0.1697E+01  0.1555E+02
   7.550  0.1691E+01  0.1564E+02
   7.600  0.1687E+01  0.1572E+02
   7.650  0.1681E+01  0.1581E+02
   7.700  0.1672E+01  0.1589E+02
   7.750  0.1660E+01  0.1598E+02
   7.800  0.1651E+01  0.1606E+02
   7.850  0.1648E+01  0.1614E+02
   7.900  0.1652E+01  0.1622E+02
   7.950  0.1653E+01  0.1631E+02
   8.000  0.1638E+01  0.1639E+02
   8.050  0.1631E+01  0.1647E+02
   8.100  0.1625E+01  0.1655E+02
   8.150  0.1621E+01  0.1663E+02
   8.200  0.1630E+01  0.1671E+02
   8.250  0.1658E+01  0.1680E+02
   8.300  0.1621E+01  0.1688E+02
   8.350  0.1603E+01  0.1696E+02
   8.400  0.1602E+01  0.1704E+02
   8.450  0.2009E+01  0.1713E+02
   8.500  0.1887E+01  0.1723E+02
   8.550  0.1873E+01  0.1732E+02
   8.600  0.2016E+01  0.1742E+02
   8.650  0.2100E+01  0.1752E+02
   8.700  0.2241E+01  0.1763E+02
   8.750  0.1995E+01  0.1773E+02
   8.800  0.1894E+01  0.1783E+02
   8.850  0.1832E+01  0.1792E+02
   8.900  0.1778E+01  0.1801E+02
   8.950  0.1742E+01  0.1810E+02
   9.000  0.1979E+01  0.1819E+02
   9.050  0.1919E+01  0.1829E+02
   9.100  0.1902E+01  0.1839E+02
   9.150  0.1898E+01  0.1848E+02
   9.200  0.1838E+01  0.1858E+02
   9.250  0.1987E+01  0.1867E+02
   9.300  0.1586E+01  0.1876E+02
   9.350  0.2289E+01  0.1885E+02
   9.400  0.1815E+01  0.1895E+02
   9.450  0.1799E+01  0.1904E+02
   9.500  0.1797E+01  0.1913E+02
   9.550  0.1824E+01  0.1922E+02
   9.600  0.1829E+01  0.1931E+02
   9.650  0.1789E+01  0.1940E+02
   9.700  0.1787E+01  0.1949E+02
   9.750  0.1801E+01  0.1958E+02
   9.800  0.1839E+01  0.1967E+02
   9.850  0.1904E+01  0.1977E+02
   9.900  0.1925E+01  0.1986E+02
   9.950  0.1744E+01  0.1995E+02
  10.000  0.1627E+01  0.2004E+02
  10.050  0.1676E+01  0.2012E+02
  10.100  0.1887E+01  0.2021E+02
  10.150  0.2066E+01  0.2031E+02
  10.200  0.2095E+01  0.2042E+02
  10.250  0.2011E+01  0.2052E+02
  10.300  0.1993E+01  0.2062E+02
  10.350  0.1881E+01  0.2072E+02
  10.400  0.1853E+01  0.2081E+02
  10.450  0.1909E+01  0.2091E+02
  10.500  0.1940E+01  0.2101E+02
  10.550  0.1893E+01  0.2110E+02
  10.600  0.1910E+01  0.2120E+02
  10.650  0.1969E+01  0.2129E+02
  10.700  0.1911E+01  0.2139E+02
  10.750  0.2063E+01  0.2149E+02
  10.800  0.2058E+01  0.2159E+02
  10.850  0.1970E+01  0.2169E+02
  10.900  0.1944E+01  0.2179E+02
  10.950  0.2322E+01  0.2190E+02
  11.000  0.2336E+01  0.2202E+02
  11.050  0.2472E+01  0.2214E+02
  11.100  0.2498E+01  0.2227E+02
  11.150  0.2352E+01  0.2239E+02
  11.200  0.2317E+01  0.2251E+02
  11.250  0.2449E+01  0.2263E+02
  11.300  0.2434E+01  0.2275E+02
  11.350  0.2395E+01  0.2287E+02
  11.400  0.2338E+01  0.2299E+02
  11.450  0.2059E+01  0.2310E+02
  11.500  0.1994E+01  0.2320E+02
  11.550  0.2172E+01  0.2331E+02
  11.600  0.2248E+01  0.2342E+02
  11.650  0.1896E+01  0.2353E+02
  11.700  0.1812E+01  0.2362E+02
  11.750  0.1764E+01  0.2371E+02
  11.800  0.1790E+01  0.2380E+02
  11.850  0.2260E+01  0.2389E+02
  11.900  0.2236E+01  0.2401E+02
  11.950  0.2440E+01  0.2412E+02
  12.000  0.2561E+01  0.2425E+02
  12.050  0.2634E+01  0.2438E+02
  12.100  0.2382E+01  0.2450E+02
  12.150  0.2545E+01  0.2463E+02
  12.200  0.2431E+01  0.2475E+02
  12.250  0.2501E+01  0.2487E+02
  12.300  0.2829E+01  0.2500E+02
  12.350  0.2900E+01  0.2515E+02
  12.400  0.2661E+01  0.2529E+02
  12.450  0.2416E+01  0.2542E+02
  12.500  0.2104E+01  0.2553E+02
  12.550  0.1896E+01  0.2563E+02
  12.600  0.1858E+01  0.2573E+02
  12.650  0.1870E+01  0.2582E+02
  12.700  0.1818E+01  0.2591E+02
  12.750  0.1809E+01  0.2600E+02
  12.800  0.1706E+01  0.2609E+02
  12.850  0.1641E+01  0.2617E+02
  12.900  0.1672E+01  0.2626E+02
  12.950  0.1576E+01  0.2634E+02
  13.000  0.1666E+01  0.2642E+02
  13.050  0.1587E+01  0.2650E+02
  13.100  0.1626E+01  0.2658E+02
  13.150  0.1636E+01  0.2666E+02
  13.200  0.1634E+01  0.2674E+02
  13.250  0.1425E+01  0.2682E+02
  13.300  0.1239E+01  0.2689E+02
  13.350  0.1362E+01  0.2695E+02
  13.400  0.1399E+01  0.2702E+02
  13.450  0.1549E+01  0.2709E+02
  13.500  0.1547E+01  0.2717E+02
  13.550  0.1578E+01  0.2725E+02
  13.600  0.1601E+01  0.2733E+02
  13.650  0.1523E+01  0.2741E+02
  13.700  0.1551E+01  0.2749E+02
  13.750  0.1472E+01  0.2756E+02
  13.800  0.1438E+01  0.2763E+02
  13.850  0.1533E+01  0.2771E+02
  13.900  0.1421E+01  0.2778E+02
  13.950  0.1442E+01  0.2785E+02
  14.000  0.1415E+01  0.2792E+02
  14.050  0.1579E+01  0.2800E+02
  14.100  0.1554E+01  0.2808E+02
  14.150  0.1485E+01  0.2815E+02
  14.200  0.2052E+01  0.2824E+02
  14.250  0.1698E+01  0.2834E+02
  14.300  0.1863E+01  0.2843E+02
  14.350  0.2169E+01  0.2853E+02
  14.400  0.2333E+01  0.2864E+02
  14.450  0.2073E+01  0.2875E+02
  14.500  0.2128E+01  0.2885E+02
  14.550  0.3013E+01  0.2897E+02
  14.600  0.2178E+01  0.2911E+02
  14.650  0.2209E+01  0.2922E+02
  14.700  0.2124E+01  0.2933E+02
  14.750  0.2018E+01  0.2943E+02
  14.800  0.1900E+01  0.2953E+02
  14.850  0.1867E+01  0.2962E+02
  14.900  0.1962E+01  0.2972E+02
  14.950  0.2027E+01  0.2982E+02
  15.000  0.2260E+01  0.2993E+02
