ATOMIC_POSITIONS (alat)
Al            0.0000000000        0.0000000000        0.0000000000    0   0   0
Al            0.0000000000        0.9999999976        0.0000000000    0   0   0
Al            0.0000000000        1.9999999953        0.0000000000    0   0   0
Al            0.9999999976        0.0000000000        0.0000000000    0   0   0
Al            0.9999999976        0.9999999976        0.0000000000    0   0   0
Al            0.9999999976        1.9999999953        0.0000000000    0   0   0
Al            1.9999999953        0.0000000000        0.0000000000    0   0   0
Al            1.9999999953        0.9999999976        0.0000000000    0   0   0
Al            1.9999999953        1.9999999953        0.0000000000    0   0   0
Al            0.4999999988        0.4999999988        0.7071067673    0   0   0
Al            0.4999999988        1.4999999965        0.7071067673    0   0   0
Al            0.4999999988        2.4999999941        0.7071067673    0   0   0
Al            1.4999999965        0.4999999988        0.7071067673    0   0   0
Al            1.4999999965        1.4999999965        0.7071067673    0   0   0
Al            1.4999999965        2.4999999941        0.7071067673    0   0   0
Al            2.4999999941        0.4999999988        0.7071067673    0   0   0
Al            2.4999999941        1.4999999965        0.7071067673    0   0   0
Al            2.4999999941        2.4999999941        0.7071067673    0   0   0
Al            0.0000000000        0.0000000000        1.4307627046    0   0   1
Al            0.0000000000        0.9999999976        1.4307591089    0   0   1
Al            0.0000000000        1.9999999953        1.4307591089    0   0   1
Al            0.9999999976        0.0000000000        1.4307591089    0   0   1
Al            0.9999999976        0.9999999976        1.4307581502    0   0   1
Al            0.9999999976        1.9999999953        1.4307581502    0   0   1
Al            1.9999999953        0.0000000000        1.4307591089    0   0   1
Al            1.9999999953        0.9999999976        1.4307581502    0   0   1
Al            1.9999999953        1.9999999953        1.4307581502    0   0   1
Al            0.4999999988        0.4999999988        2.1566262357    0   0   1
Al            0.4999999988        1.4999999965        2.1566250477    0   0   1
Al            0.4999999988        2.4999999941        2.1566262357    0   0   1
Al            1.4999999965        0.4999999988        2.1566250477    0   0   1
Al            1.4999999965        1.4999999965        2.1566273052    0   0   1
Al            1.4999999965        2.4999999941        2.1566250477    0   0   1
Al            2.4999999941        0.4999999988        2.1566262357    0   0   1
Al            2.4999999941        1.4999999965        2.1566250477    0   0   1
Al            2.4999999941        2.4999999941        2.1566262357    0   0   1
