   Atom                     Volume(s)
  ------------------------------------------------------------------------
     1   ...       1    2    6   35   38
     2   ...      12   17   19   48  251
     3   ...      23   25   28   57  254
     4   ...      83  106  118  122  124
     5   ...      81   92  103  126  142
     6   ...      82   96  100  127  144
     7   ...     163  167  189  198  205
     8   ...     170  174  178  200  209
     9   ...     179  185  190  202  215
    10   ...      43   44   49   65   66   67   75   89  104  105  107
    11   ...      53   54   55   58   68   69   72   73   77   84   93
    12   ...      39   60   61   64   70   71   79   98  113  114  115
    13   ...     137  138  139  140  141  150  155  157  166  168  194
    14   ...     143  151  153  159  176
    15   ...     136  145  146  147  148  149  156  161  183  187  195
    16   ...       7  208  218  220  221  222  233  234  235  244  255
    17   ...      22  210  213  225  226  236  237  242  243  246  256
    18   ...      31  216  217  228  230  231  232  238  239  248  257
    19   ...       3    4    5    8    9   11   34   36   37   40   41   74  250
    20   ...      13   14   15   16   18   20   50  252
    21   ...      24   26   29   30   32   33   56  253
    22   ...      85   86   88  101  102  119  123  134
    23   ...      90   91  108  109  110  125
    24   ...      95   97  112  116  117  128
    25   ...     164  165  188  199  206  207  240  241
    26   ...     171  172  173  192  201  223
    27   ...     180  182  186  193  203  229
    28   ...      45   46   47   76   87
    29   ...      51   52   59   78   94
    30   ...      42   62   63   80   99
    31   ...     129  131  135  158  169
    32   ...     111  121  152  154  160  175  177  181  191
    33   ...     130  132  133  162  184
    34   ...      10  196  219  224  245
    35   ...      21  211  212  214  247
    36   ...      27  197  204  227  249
    37   ...     120
  ------------------------------------------------------------------------
