    0.000000000    0.025304981    0.023715665
    0.043155298    0.025382585    0.023889794
    0.086310595    0.025436170    0.024058837
    0.129465893    0.025467628    0.024222724
    0.172621190    0.025479699    0.024381400
    0.215776488    0.025475864    0.024534821
    0.258931786    0.025460210    0.024682955
    0.302087083    0.025437253    0.024825781
    0.345242381    0.025411761    0.024963292
    0.388397678    0.025388545    0.025095488
    0.431552976    0.025372257    0.025222383
    0.474708274    0.025367197    0.025343999
    0.517863571    0.025377136    0.025460366
    0.561018869    0.025405170    0.025571524
    0.604174166    0.025453609    0.025677520
    0.647329464    0.025523899    0.025778408
    0.690484762    0.025616594    0.025874251
    0.733640059    0.025731353    0.025965119
    0.776795357    0.025866988    0.026051087
    0.819950654    0.026021535    0.026132239
    0.863105952    0.026192369    0.026208668
    0.906261250    0.026376344    0.026280470
    0.949416547    0.026569949    0.026347753
    0.992571845    0.026769482    0.026410627
    1.035727142    0.026971216    0.026469213
    1.078882440    0.027171558    0.026523637
    1.122037738    0.027367190    0.026574031
    1.165193035    0.027555180    0.026620533
    1.208348333    0.027733080    0.026663286
    1.251503630    0.027898981    0.026702436
    1.294658928    0.028051553    0.026738137
    1.337814226    0.028190050    0.026770541
    1.380969523    0.028314278    0.026799806
    1.424124821    0.028424542    0.026826090
    1.467280118    0.028521550    0.026849552
    1.510435416    0.028606307    0.026870353
    1.553590714    0.028679986    0.026888650
    1.596746011    0.028743812    0.026904601
    1.639901309    0.028798946    0.026918361
    1.683056606    0.028846407    0.026930081
    1.726211904    0.028887014    0.026939910
    1.769367202    0.028921367    0.026947990
    1.812522499    0.028949851    0.026954460
    1.855677797    0.028972656    0.026959449
    1.898833094    0.028989815    0.026963082
    1.941988392    0.029001227    0.026965475
    1.985143690    0.029006677    0.026966736
    2.028298987    0.029005830    0.026966964
    2.071454285    0.028998217    0.026966250
    2.114609582    0.028983203    0.026964677
    2.157764880    0.028959958    0.026962320
    2.200920178    0.028927445    0.026959247
    2.244075475    0.028884432    0.026955517
    2.287230773    0.028829541    0.026951187
    2.330386070    0.028761337    0.026946307
    2.373541368    0.028678437    0.026940923
    2.416696666    0.028579644    0.026935082
    2.459851963    0.028464077    0.026928827
    2.503007261    0.028331287    0.026922202
    2.546162558    0.028181356    0.026915252
    2.589317856    0.028014957    0.026908020
    2.632473154    0.027833393    0.026900552
    2.675628451    0.027638600    0.026892897
    2.718783749    0.027433119    0.026885101
    2.761939046    0.027220034    0.026877211
    2.805094344    0.027002886    0.026869275
    2.848249642    0.026785550    0.026861338
    2.891404939    0.026572089    0.026853442
    2.934560237    0.026366587    0.026845625
    2.977715534    0.026172982    0.026837921
    3.020870832    0.025994891    0.026830358
    3.064026130    0.025835453    0.026822956
    3.107181427    0.025697186    0.026815732
    3.150336725    0.025581875    0.026808693
    3.193492022    0.025490484    0.026801841
    3.236647320    0.025423109    0.026795171
    3.279802618    0.025378962    0.026788674
    3.322957915    0.025356399    0.026782334
    3.366113213    0.025352996    0.026776132
    3.409268510    0.025365652    0.026770048
    3.452423808    0.025390735    0.026764058
    3.495579106    0.025424248    0.026758140
    3.538734403    0.025462008    0.026752274
    3.581889701    0.025499845    0.026746439
    3.625044998    0.025533784    0.026740617
    3.668200296    0.025560228    0.026734796
    3.711355594    0.025576127    0.026728962
    3.754510891    0.025579122    0.026723108
    3.797666189    0.025567659    0.026717228
    3.840821486    0.025541063    0.026711320
    3.883976784    0.025499574    0.026705386
    3.927132082    0.025444341    0.026699431
    3.970287379    0.025377362    0.026693463
    4.013442677    0.025301401    0.026687495
    4.056597974    0.025219864    0.026681544
    4.099753272    0.025136649    0.026675634
    4.142908570    0.025055977    0.026669794
    4.186063867    0.024982207    0.026664059
    4.229219165    0.024919645    0.026658468
    4.272374462    0.024872351    0.026653063
    4.315529760    0.024843954    0.026647887
    4.358685058    0.024837495    0.026642978
    4.401840355    0.024855293    0.026638369
    4.444995653    0.024898854    0.026634083
    4.488150950    0.024968814    0.026630134
    4.531306248    0.025064923    0.026626520
    4.574461546    0.025186067    0.026623227
    4.617616843    0.025330320    0.026620225
    4.660772141    0.025495036    0.026617473
    4.703927438    0.025676963    0.026614915
    4.747082736    0.025872390    0.026612486
    4.790238034    0.026077316    0.026610113
    4.833393331    0.026287621    0.026607718
    4.876548629    0.026499241    0.026605223
    4.919703926    0.026708329    0.026602552
    4.962859224    0.026911386    0.026599637
    5.006014522    0.027105377    0.026596422
    5.049169819    0.027287805    0.026592863
    5.092325117    0.027456769    0.026588936
    5.135480414    0.027610991    0.026584634
    5.178635712    0.027749810    0.026579970
    5.221791010    0.027873149    0.026574979
    5.264946307    0.027981442    0.026569714
    5.308101605    0.028075534    0.026564250
    5.351256902    0.028156552    0.026558673
    5.394412200    0.028225770    0.026553085
    5.437567498    0.028284477    0.026547595
    5.480722795    0.028333878    0.026542315
    5.523878093    0.028375018    0.026537356
    5.567033390    0.028408749    0.026532825
    5.610188688    0.028435727    0.026528817
    5.653343986    0.028456427    0.026525413
    5.696499283    0.028471168    0.026522677
    5.739654581    0.028480137    0.026520649
    5.782809878    0.028483413    0.026519349
    5.825965176    0.028480971    0.026518771
    5.869120474    0.028472686    0.026518885
    5.912275771    0.028458324    0.026519640
    5.955431069    0.028437520    0.026520960
    5.998586366    0.028409749    0.026522754
    6.041741664    0.028374305    0.026524918
    6.084896962    0.028330283    0.026527334
    6.128052259    0.028276583    0.026529881
    6.171207557    0.028211956    0.026532436
    6.214362854    0.028135074    0.026534881
    6.257518152    0.028044643    0.026537105
    6.300673450    0.027939531    0.026539011
    6.343828747    0.027818902    0.026540517
    6.386984045    0.027682341    0.026541559
    6.430139342    0.027529949    0.026542095
    6.473294640    0.027362411    0.026542101
    6.516449938    0.027181030    0.026541577
    6.559605235    0.026987727    0.026540537
    6.602760533    0.026785016    0.026539018
    6.645915830    0.026575950    0.026537066
    6.689071128    0.026364035    0.026534743
    6.732226426    0.026153117    0.026532117
    6.775381723    0.025947245    0.026529257
    6.818537021    0.025750504    0.026526235
    6.861692318    0.025566845    0.026523115
    6.904847616    0.025399912    0.026519958
    6.948002914    0.025252881    0.026516810
    6.991158211    0.025128318    0.026513708
    7.034313509    0.025028064    0.026510675
    7.077468806    0.024953152    0.026507721
    7.120624104    0.024903747    0.026504842
    7.163779402    0.024879135    0.026502020
    7.206934699    0.024877735    0.026499229
    7.250089997    0.024897166    0.026496433
    7.293245294    0.024934342    0.026493592
    7.336400592    0.024985614    0.026490662
    7.379555890    0.025046926    0.026487603
    7.422711187    0.025114005    0.026484379
    7.465866485    0.025182547    0.026480958
    7.509021782    0.025248405    0.026477316
    7.552177080    0.025307773    0.026473438
    7.595332378    0.025357350    0.026469311
    7.638487675    0.025394493    0.026464932
    7.681642973    0.025417332    0.026460300
    7.724798270    0.025424860    0.026455422
    7.767953568    0.025416981    0.026450306
    7.811108866    0.025394506    0.026444967
    7.854264163    0.025359116    0.026439426
    7.897419461    0.025313276    0.026433708
    7.940574758    0.025260119    0.026427850
    7.983730056    0.025203300    0.026421893
    8.026885354    0.025146831    0.026415895
    8.070040651    0.025094904    0.026409923
    8.113195949    0.025051700    0.026404058
    8.156351246    0.025021199    0.026398392
    8.199506544    0.025006997    0.026393024
    8.242661842    0.025012136    0.026388060
    8.285817139    0.025038968    0.026383601
    8.328972437    0.025089053    0.026379745
    8.372127734    0.025163095    0.026376573
    8.415283032    0.025260925    0.026374151
    8.458438330    0.025381513    0.026372519
    8.501593627    0.025523025    0.026371692
    8.544748925    0.025682906    0.026371652
    8.587904222    0.025857989    0.026372354
    8.631059520    0.026044638    0.026373719
    8.674214818    0.026238906    0.026375640
    8.717370115    0.026436714    0.026377984
    8.760525413    0.026634023    0.026380596
    8.803680710    0.026827000    0.026383303
    8.846836008    0.027012163    0.026385926
    8.889991306    0.027186491    0.026388280
    8.933146603    0.027347513    0.026390187
    8.976301901    0.027493360    0.026391481
    9.019457198    0.027622792    0.026392012
    9.062612496    0.027735198    0.026391656
    9.105767794    0.027830569    0.026390318
    9.148923091    0.027909434    0.026387932
    9.192078389    0.027972765    0.026384468
    9.235233686    0.028021853    0.026379927
    9.278388984    0.028058170    0.026374341
    9.321544282    0.028083226    0.026367769
    9.364699579    0.028098459    0.026360295
    9.407854877    0.028105144    0.026352015
    9.451010174    0.028104353    0.026343038
    9.494165472    0.028096947    0.026333473
    9.537320770    0.028083594    0.026323423
    9.580476067    0.028064802    0.026312981
    9.623631365    0.028040948    0.026302216
    9.666786662    0.028012314    0.026291176
    9.709941960    0.027979108    0.026279874
    9.753097258    0.027941479    0.026268292
    9.796252555    0.027899535    0.026256377
    9.839407853    0.027853346    0.026244039
    9.882563150    0.027802937    0.026231155
    9.925718448    0.027748274    0.026217570
    9.968873746    0.027689232    0.026203103
   10.012029043    0.027625561    0.026187551
   10.055184341    0.027556866    0.026170694
   10.098339638    0.027482595    0.026152304
   10.141494936    0.027402060    0.026132152
   10.184650234    0.027314485    0.026110011
   10.227805531    0.027219079    0.026085668
   10.270960829    0.027115117    0.026058928
   10.314116126    0.027002036    0.026029618
   10.357271424    0.026879513    0.025997590
   10.400426722    0.026747535    0.025962728
   10.443582019    0.026606454    0.025924947
   10.486737317    0.026457017    0.025884193
   10.529892614    0.026300386    0.025840444
   10.573047912    0.026138126    0.025793711
   10.616203210    0.025972178    0.025744031
   10.659358507    0.025804800    0.025691467
   10.702513805    0.025638490    0.025636101
   10.745669102    0.025475889    0.025578033
   10.788824400    0.025319664    0.025517376
   10.831979698    0.025172397    0.025454251
   10.875134995    0.025036463    0.025388787
   10.918290293    0.024913912    0.025321116
   10.961445590    0.024806367    0.025251373
   11.004600888    0.024714926    0.025179690
   11.047756186    0.024640091    0.025106200
   11.090911483    0.024581714    0.025031034
   11.134066781    0.024538980    0.024954326
   11.177222078    0.024510424    0.024876214
   11.220377376    0.024493981    0.024796846
   11.263532674    0.024487065    0.024716385
   11.306687971    0.024486672    0.024635014
   11.349843269    0.024489505    0.024552936
   11.392998566    0.024492111    0.024470370
   11.436153864    0.024491024    0.024387550
   11.479309162    0.024482916    0.024304712
   11.522464459    0.024464755    0.024222084
   11.565619757    0.024433941    0.024139877
   11.608775054    0.024388431    0.024058271
   11.651930352    0.024326837    0.023977409
   11.695085650    0.024248479    0.023897388
   11.738240947    0.024153407    0.023818254
   11.781396245    0.024042382    0.023740002
   11.824551542    0.023916827    0.023662578
   11.867706840    0.023778754    0.023585878
   11.910862138    0.023630665    0.023509761
   11.954017435    0.023475435    0.023434051
   11.997172733    0.023316171    0.023358554
   12.040328030    0.023156063    0.023283066
   12.083483328    0.022998218    0.023207382
   12.126638626    0.022845505    0.023131309
   12.169793923    0.022700418    0.023054666
   12.212949221    0.022564972    0.022977287
   12.256104518    0.022440626    0.022899021
   12.299259816    0.022328256    0.022819722
   12.342415114    0.022228138    0.022739242
   12.385570411    0.022139972    0.022657421
   12.428725709    0.022062911    0.022574074
   12.471881006    0.021995617    0.022488979
   12.515036304    0.021936345    0.022401872
   12.558191602    0.021883058    0.022312436
   12.601346899    0.021833561    0.022220299
   12.644502197    0.021785661    0.022125039
   12.687657494    0.021737309    0.022026186
   12.730812792    0.021686729    0.021923233
   12.773968090    0.021632500    0.021815655
   12.817123387    0.021573613    0.021702919
   12.860278685    0.021509500    0.021584512
   12.903433982    0.021440061    0.021459953
   12.946589280    0.021365703    0.021328816
   12.989744578    0.021287382    0.021190747
   13.032899875    0.021206646    0.021045471
   13.076055173    0.021125625    0.020892813
   13.119210470    0.021046959    0.020732692
   13.162365768    0.020973629    0.020565133
   13.205521066    0.020908698    0.020390262
   13.248676363    0.020854993    0.020208297
   13.291831661    0.020814778    0.020019545
   13.334986958    0.020789461    0.019824386
   13.378142256    0.020779408    0.019623261
   13.421297554    0.020783856    0.019416653
   13.464452851    0.020800948    0.019205075
   13.507608149    0.020827862    0.018989055
   13.550763446    0.020861003    0.018769120
   13.593918744    0.020896222    0.018545789
   13.637074042    0.020929058    0.018319559
   13.680229339    0.020954967    0.018090906
   13.723384637    0.020969556    0.017860268
   13.766539934    0.020968807    0.017628049
   13.809695232    0.020949270    0.017394610
   13.852850530    0.020908229    0.017160262
   13.896005827    0.020843799    0.016925269
   13.939161125    0.020754933    0.016689839
   13.982316422    0.020641345    0.016454132
   14.025471720    0.020503345    0.016218261
   14.068627018    0.020341603    0.015982294
   14.111782315    0.020156887    0.015746264
   14.154937613    0.019949809    0.015510175
   14.198092910    0.019720603    0.015274010
   14.241248208    0.019468973    0.015037737
   14.284403506    0.019194018    0.014801317
   14.327558803    0.018894236    0.014564711
   14.370714101    0.018567620    0.014327884
   14.413869398    0.018211813    0.014090813
   14.457024696    0.017824348    0.013853491
   14.500179994    0.017402923    0.013615931
   14.543335291    0.016945710    0.013378163
   14.586490589    0.016451658    0.013140239
   14.629645886    0.015920760    0.012902227
   14.672801184    0.015354246    0.012664208
   14.715956482    0.014754674    0.012426275
   14.759111779    0.014125914    0.012188523
   14.802267077    0.013473015    0.011951050
   14.845422374    0.012801990    0.011713947
   14.888577672    0.012119536    0.011477296
   14.931732970    0.011432731    0.011241163
   14.974888267    0.010748721    0.011005590
   15.018043565    0.010074432    0.010770590
   15.061198862    0.009416298    0.010536142
   15.104354160    0.008780016    0.010302189
   15.147509458    0.008170345    0.010068640
   15.190664755    0.007590941    0.009835372
   15.233820053    0.007044268    0.009602241
   15.276975350    0.006531595    0.009369093
   15.320130648    0.006053086    0.009135774
   15.363285946    0.005607982    0.008902144
   15.406441243    0.005194856    0.008668088
   15.449596541    0.004811877    0.008433528
   15.492751838    0.004457063    0.008198427
   15.535907136    0.004128460    0.007962799
   15.579062434    0.003824244    0.007726705
   15.622217731    0.003542741    0.007490258
   15.665373029    0.003282391    0.007253618
   15.708528326    0.003041701    0.007016988
   15.751683624    0.002819207    0.006780603
   15.794838922    0.002613470    0.006544724
   15.837994219    0.002423108    0.006309629
   15.881149517    0.002246842    0.006075604
   15.924304814    0.002083526    0.005842931
   15.967460112    0.001932172    0.005611890
   16.010615410    0.001791924    0.005382751
   16.053770707    0.001662031    0.005155775
   16.096926005    0.001541798    0.004931221
   16.140081302    0.001430559    0.004709343
   16.183236600    0.001327666    0.004490407
   16.226391898    0.001232497    0.004274688
   16.269547195    0.001144469    0.004062483
   16.312702493    0.001063053    0.003854113
   16.355857790    0.000987772    0.003649928
   16.399013088    0.000918186    0.003450303
   16.442168386    0.000853879    0.003255636
   16.485323683    0.000794437    0.003066343
   16.528478981    0.000739455    0.002882844
   16.571634278    0.000688539    0.002705553
   16.614789576    0.000641322    0.002534861
   16.657944874    0.000597484    0.002371124
   16.701100171    0.000556748    0.002214647
   16.744255469    0.000518881    0.002065671
   16.787410766    0.000483676    0.001924367
   16.830566064    0.000450937    0.001790823
   16.873721362    0.000420474    0.001665051
   16.916876659    0.000392104    0.001546980
   16.960031957    0.000365661    0.001436464
   17.003187254    0.000340999    0.001333288
   17.046342552    0.000318006    0.001237178
   17.089497850    0.000296586    0.001147811
   17.132653147    0.000276659    0.001064831
   17.175808445    0.000258139    0.000987859
   17.218963742    0.000240936    0.000916508
   17.262119040    0.000224948    0.000850395
   17.305274338    0.000210075    0.000789149
   17.348429635    0.000196225    0.000732418
   17.391584933    0.000183325    0.000679870
   17.434740230    0.000171312    0.000631199
   17.477895528    0.000160135    0.000586116
   17.521050826    0.000149741    0.000544355
   17.564206123    0.000140070    0.000505667
   17.607361421    0.000131056    0.000469819
   17.650516718    0.000122633    0.000436599
   17.693672016    0.000114742    0.000405806
   17.736827314    0.000107341    0.000377259
   17.779982611    0.000100401    0.000350791
   17.823137909    0.000093904    0.000326248
   17.866293206    0.000087834    0.000303490
   17.909448504    0.000082166    0.000282385
   17.952603802    0.000076869    0.000262811
   17.995759099    0.000071911    0.000244655
   18.038914397    0.000067259    0.000227811
   18.082069694    0.000062893    0.000212181
   18.125224992    0.000058802    0.000197674
   18.168380290    0.000054983    0.000184205
   18.211535587    0.000051431    0.000171697
   18.254690885    0.000048135    0.000160077
   18.297846182    0.000045074    0.000149278
   18.341001480    0.000042221    0.000139237
   18.384156778    0.000039551    0.000129898
   18.427312075    0.000037044    0.000121207
   18.470467373    0.000034690    0.000113117
   18.513622670    0.000032488    0.000105583
   18.556777968    0.000030438    0.000098565
   18.599933266    0.000028532    0.000092026
   18.643088563    0.000026757    0.000085933
   18.686243861    0.000025095    0.000080253
   18.729399158    0.000023527    0.000074959
   18.772554456    0.000022040    0.000070023
   18.815709754    0.000020630    0.000065420
   18.858865051    0.000019301    0.000061127
   18.902020349    0.000018059    0.000057125
   18.945175646    0.000016906    0.000053392
   18.988330944    0.000015837    0.000049911
   19.031486242    0.000014840    0.000046664
   19.074641539    0.000013902    0.000043635
   19.117796837    0.000013012    0.000040808
   19.160952134    0.000012169    0.000038170
   19.204107432    0.000011377    0.000035706
   19.247262730    0.000010643    0.000033404
   19.290418027    0.000009970    0.000031255
   19.333573325    0.000009354    0.000029247
   19.376728622    0.000008786    0.000027370
   19.419883920    0.000008253    0.000025615
   19.463039218    0.000007744    0.000023973
   19.506194515    0.000007256    0.000022438
   19.549349813    0.000006792    0.000021001
   19.592505110    0.000006360    0.000019656
   19.635660408    0.000005963    0.000018399
   19.678815706    0.000005602    0.000017223
   19.721971003    0.000005269    0.000016123
   19.765126301    0.000004953    0.000015093
   19.808281598    0.000004646    0.000014131
   19.851436896    0.000004346    0.000013230
   19.894592194    0.000004056    0.000012387
   19.937747491    0.000003784    0.000011599
   19.980902789    0.000003537    0.000010863
   20.024058086    0.000003317    0.000010174
   20.067213384    0.000003119    0.000009530
   20.110368682    0.000002934    0.000008927
   20.153523979    0.000002754    0.000008363
   20.196679277    0.000002575    0.000007835
   20.239834574    0.000002400    0.000007341
   20.282989872    0.000002237    0.000006878
   20.326145170    0.000002092    0.000006444
   20.369300467    0.000001968    0.000006038
   20.412455765    0.000001861    0.000005658
   20.455611062    0.000001761    0.000005302
   20.498766360    0.000001662    0.000004968
   20.541921658    0.000001559    0.000004655
   20.585076955    0.000001453    0.000004361
   20.628232253    0.000001351    0.000004086
   20.671387550    0.000001262    0.000003828
   20.714542848    0.000001186    0.000003586
   20.757698146    0.000001124    0.000003360
   20.800853443    0.000001067    0.000003149
   20.844008741    0.000001008    0.000002951
   20.887164038    0.000000943    0.000002766
   20.930319336    0.000000873    0.000002592
   20.973474634    0.000000805    0.000002429
   21.016629931    0.000000744    0.000002277
   21.059785229    0.000000697    0.000002134
   21.102940526    0.000000662    0.000002001
   21.146095824    0.000000633    0.000001877
   21.189251122    0.000000602    0.000001760
   21.232406419    0.000000566    0.000001651
   21.275561717    0.000000523    0.000001548
   21.318717014    0.000000478    0.000001451
   21.361872312    0.000000441    0.000001361
   21.405027610    0.000000413    0.000001276
   21.448182907    0.000000397    0.000001196
   21.491338205    0.000000386    0.000001122
   21.534493502    0.000000373    0.000001052
   21.577648800    0.000000353    0.000000987
   21.620804098    0.000000325    0.000000925
   21.663959395    0.000000294    0.000000867
   21.707114693    0.000000267    0.000000813
   21.750269990    0.000000248    0.000000762
   21.793425288    0.000000239    0.000000715
   21.836580586    0.000000235    0.000000671
   21.879735883    0.000000230    0.000000629
   21.922891181    0.000000219    0.000000590
   21.966046478    0.000000200    0.000000554
   22.009201776    0.000000176    0.000000519
   22.052357074    0.000000154    0.000000487
   22.095512371    0.000000141    0.000000457
   22.138667669    0.000000136    0.000000429
   22.181822966    0.000000138    0.000000403
   22.224978264    0.000000141    0.000000379
   22.268133562    0.000000137    0.000000356
   22.311288859    0.000000125    0.000000334
   22.354444157    0.000000108    0.000000313
   22.397599454    0.000000091    0.000000294
   22.440754752    0.000000081    0.000000276
   22.483910050    0.000000080    0.000000259
   22.527065347    0.000000085    0.000000243
   22.570220645    0.000000091    0.000000228
   22.613375942    0.000000091    0.000000214
   22.656531240    0.000000084    0.000000201
   22.699686538    0.000000070    0.000000189
   22.742841835    0.000000055    0.000000177
   22.785997133    0.000000046    0.000000166
   22.829152430    0.000000045    0.000000156
   22.872307728    0.000000050    0.000000146
   22.915463026    0.000000058    0.000000138
   22.958618323    0.000000060    0.000000130
   23.001773621    0.000000056    0.000000122
   23.044928918    0.000000044    0.000000114
   23.088084216    0.000000031    0.000000107
   23.131239514    0.000000022    0.000000101
   23.174394811    0.000000021    0.000000095
   23.217550109    0.000000027    0.000000089
   23.260705406    0.000000036    0.000000084
   23.303860704    0.000000041    0.000000079
   23.347016002    0.000000039    0.000000074
   23.390171299    0.000000030    0.000000070
   23.433326597    0.000000019    0.000000066
   23.476481894    0.000000010    0.000000062
   23.519637192    0.000000009    0.000000058
   23.562792490    0.000000015    0.000000054
   23.605947787    0.000000024    0.000000051
   23.649103085    0.000000031    0.000000048
   23.692258382    0.000000031    0.000000046
   23.735413680    0.000000023    0.000000043
   23.778568978    0.000000012    0.000000040
   23.821724275    0.000000003    0.000000038
   23.864879573    0.000000001    0.000000035
   23.908034870    0.000000006    0.000000033
   23.951190168    0.000000015    0.000000032
   23.994345466    0.000000023    0.000000030
   24.037500763    0.000000024    0.000000028
   24.080656061    0.000000018    0.000000027
   24.123811358    0.000000008    0.000000025
   24.166966656   -0.000000001    0.000000023
   24.210121954   -0.000000004    0.000000022
   24.253277251   -0.000000000    0.000000021
   24.296432549    0.000000009    0.000000020
   24.339587846    0.000000017    0.000000019
   24.382743144    0.000000020    0.000000018
   24.425898442    0.000000016    0.000000017
   24.469053739    0.000000006    0.000000016
   24.512209037   -0.000000003    0.000000015
   24.555364334   -0.000000007    0.000000014
   24.598519632   -0.000000003    0.000000013
   24.641674930    0.000000005    0.000000012
   24.684830227    0.000000014    0.000000012
   24.727985525    0.000000018    0.000000011
   24.771140822    0.000000015    0.000000011
   24.814296120    0.000000006    0.000000010
   24.857451418   -0.000000003    0.000000009
   24.900606715   -0.000000008    0.000000009
   24.943762013   -0.000000006    0.000000008
   24.986917310    0.000000002    0.000000008
   25.030072608    0.000000011    0.000000008
   25.073227906    0.000000016    0.000000008
   25.116383203    0.000000014    0.000000007
   25.159538501    0.000000006    0.000000007
   25.202693798   -0.000000003    0.000000006
   25.245849096   -0.000000009    0.000000006
   25.289004394   -0.000000008    0.000000006
   25.332159691   -0.000000001    0.000000005
   25.375314989    0.000000008    0.000000005
   25.418470286    0.000000014    0.000000005
   25.461625584    0.000000014    0.000000005
   25.504780882    0.000000007    0.000000005
   25.547936179   -0.000000002    0.000000004
   25.591091477   -0.000000009    0.000000004
   25.634246774   -0.000000009    0.000000004
   25.677402072   -0.000000003    0.000000004
   25.720557370    0.000000006    0.000000004
   25.763712667    0.000000013    0.000000004
   25.806867965    0.000000013    0.000000004
   25.850023262    0.000000007    0.000000003
   25.893178560   -0.000000002    0.000000003
   25.936333858   -0.000000009    0.000000003
   25.979489155   -0.000000010    0.000000003
   26.022644453   -0.000000004    0.000000003
   26.065799750    0.000000004    0.000000003
   26.108955048    0.000000011    0.000000003
   26.152110346    0.000000013    0.000000003
   26.195265643    0.000000008    0.000000003
   26.238420941   -0.000000000    0.000000002
   26.281576238   -0.000000008    0.000000002
   26.324731536   -0.000000010    0.000000002
   26.367886834   -0.000000006    0.000000002
   26.411042131    0.000000003    0.000000002
   26.454197429    0.000000010    0.000000002
   26.497352726    0.000000013    0.000000002
   26.540508024    0.000000009    0.000000002
   26.583663322    0.000000001    0.000000002
   26.626818619   -0.000000007    0.000000002
   26.669973917   -0.000000010    0.000000002
   26.713129214   -0.000000007    0.000000002
   26.756284512    0.000000001    0.000000002
   26.799439810    0.000000009    0.000000002
   26.842595107    0.000000013    0.000000002
   26.885750405    0.000000010    0.000000002
   26.928905702    0.000000002    0.000000002
   26.972061000   -0.000000006    0.000000001
   27.015216298   -0.000000010    0.000000001
   27.058371595   -0.000000008    0.000000001
   27.101526893   -0.000000000    0.000000001
   27.144682190    0.000000008    0.000000002
   27.187837488    0.000000012    0.000000002
   27.230992786    0.000000010    0.000000002
   27.274148083    0.000000003    0.000000002
   27.317303381   -0.000000005    0.000000001
   27.360458678   -0.000000010    0.000000001
   27.403613976   -0.000000008    0.000000001
   27.446769274   -0.000000002    0.000000001
   27.489924571    0.000000007    0.000000002
   27.533079869    0.000000012    0.000000002
   27.576235166    0.000000011    0.000000002
   27.619390464    0.000000005    0.000000002
   27.662545762   -0.000000004    0.000000001
   27.705701059   -0.000000009    0.000000001
   27.748856357   -0.000000009    0.000000001
   27.792011654   -0.000000003    0.000000001
   27.835166952    0.000000005    0.000000002
   27.878322250    0.000000011    0.000000002
   27.921477547    0.000000012    0.000000002
   27.964632845    0.000000006    0.000000002
   28.007788142   -0.000000002    0.000000002
   28.050943440   -0.000000008    0.000000002
   28.094098738   -0.000000009    0.000000002
   28.137254035   -0.000000004    0.000000002
   28.180409333    0.000000004    0.000000002
   28.223564630    0.000000011    0.000000002
   28.266719928    0.000000012    0.000000002
   28.309875226    0.000000007    0.000000002
   28.353030523   -0.000000001    0.000000002
   28.396185821   -0.000000008    0.000000002
   28.439341118   -0.000000009    0.000000002
   28.482496416   -0.000000005    0.000000002
   28.525651714    0.000000003    0.000000002
   28.568807011    0.000000010    0.000000002
   28.611962309    0.000000012    0.000000003
   28.655117606    0.000000008    0.000000003
   28.698272904    0.000000001    0.000000003
   28.741428202   -0.000000006    0.000000003
   28.784583499   -0.000000009    0.000000003
   28.827738797   -0.000000006    0.000000003
   28.870894094    0.000000002    0.000000003
   28.914049392    0.000000009    0.000000003
   28.957204690    0.000000012    0.000000003
   29.000359987    0.000000010    0.000000004
   29.043515285    0.000000003    0.000000004
   29.086670582   -0.000000005    0.000000004
   29.129825880   -0.000000009    0.000000004
   29.172981178   -0.000000006    0.000000004
   29.216136475    0.000000001    0.000000004
   29.259291773    0.000000009    0.000000005
   29.302447070    0.000000013    0.000000005
   29.345602368    0.000000011    0.000000005
   29.388757666    0.000000004    0.000000005
   29.431912963   -0.000000003    0.000000005
   29.475068261   -0.000000008    0.000000005
   29.518223558   -0.000000006    0.000000006
   29.561378856    0.000000000    0.000000006
   29.604534154    0.000000008    0.000000007
   29.647689451    0.000000013    0.000000007
   29.690844749    0.000000013    0.000000007
   29.734000046    0.000000007    0.000000008
   29.777155344   -0.000000001    0.000000008
   29.820310642   -0.000000006    0.000000008
   29.863465939   -0.000000006    0.000000009
   29.906621237    0.000000000    0.000000009
   29.949776534    0.000000008    0.000000010
   29.992931832    0.000000014    0.000000011
   30.036087130    0.000000015    0.000000011
   30.079242427    0.000000009    0.000000012
   30.122397725    0.000000002    0.000000013
   30.165553022   -0.000000004    0.000000013
   30.208708320   -0.000000004    0.000000014
   30.251863618    0.000000001    0.000000015
   30.295018915    0.000000009    0.000000016
   30.338174213    0.000000016    0.000000017
   30.381329510    0.000000017    0.000000018
   30.424484808    0.000000013    0.000000019
   30.467640106    0.000000006    0.000000020
   30.510795403   -0.000000000    0.000000021
   30.553950701   -0.000000001    0.000000022
   30.597105998    0.000000003    0.000000024
   30.640261296    0.000000011    0.000000025
   30.683416594    0.000000019    0.000000027
   30.726571891    0.000000021    0.000000029
   30.769727189    0.000000018    0.000000030
   30.812882486    0.000000011    0.000000032
   30.856037784    0.000000005    0.000000034
   30.899193082    0.000000003    0.000000036
   30.942348379    0.000000008    0.000000038
   30.985503677    0.000000016    0.000000041
   31.028658974    0.000000024    0.000000043
   31.071814272    0.000000028    0.000000046
   31.114969570    0.000000026    0.000000049
   31.158124867    0.000000020    0.000000052
   31.201280165    0.000000014    0.000000055
   31.244435462    0.000000012    0.000000058
   31.287590760    0.000000016    0.000000062
   31.330746058    0.000000024    0.000000066
   31.373901355    0.000000033    0.000000070
   31.417056653    0.000000038    0.000000074
   31.460211950    0.000000038    0.000000079
   31.503367248    0.000000033    0.000000084
   31.546522546    0.000000027    0.000000089
   31.589677843    0.000000025    0.000000094
   31.632833141    0.000000029    0.000000100
   31.675988438    0.000000037    0.000000106
   31.719143736    0.000000047    0.000000113
   31.762299034    0.000000055    0.000000120
   31.805454331    0.000000056    0.000000128
   31.848609629    0.000000053    0.000000136
   31.891764926    0.000000049    0.000000144
   31.934920224    0.000000047    0.000000153
   31.978075522    0.000000051    0.000000162
   32.021230819    0.000000061    0.000000173
   32.064386117    0.000000072    0.000000184
   32.107541414    0.000000082    0.000000195
   32.150696712    0.000000086    0.000000207
   32.193852010    0.000000086    0.000000220
   32.237007307    0.000000083    0.000000234
   32.280162605    0.000000083    0.000000249
   32.323317902    0.000000088    0.000000264
   32.366473200    0.000000099    0.000000281
   32.409628498    0.000000114    0.000000299
   32.452783795    0.000000126    0.000000317
   32.495939093    0.000000135    0.000000337
   32.539094390    0.000000137    0.000000359
   32.582249688    0.000000138    0.000000381
   32.625404986    0.000000140    0.000000405
   32.668560283    0.000000148    0.000000430
   32.711715581    0.000000163    0.000000457
   32.754870878    0.000000181    0.000000486
   32.798026176    0.000000198    0.000000517
   32.841181474    0.000000212    0.000000549
   32.884336771    0.000000221    0.000000584
   32.927492069    0.000000227    0.000000620
   32.970647366    0.000000235    0.000000659
   33.013802664    0.000000248    0.000000700
   33.056957962    0.000000267    0.000000744
   33.100113259    0.000000292    0.000000791
   33.143268557    0.000000318    0.000000841
   33.186423854    0.000000340    0.000000894
   33.229579152    0.000000357    0.000000950
   33.272734450    0.000000372    0.000001009
   33.315889747    0.000000388    0.000001073
   33.359045045    0.000000410    0.000001140
   33.402200342    0.000000439    0.000001212
   33.445355640    0.000000474    0.000001288
   33.488510938    0.000000511    0.000001369
   33.531666235    0.000000547    0.000001455
   33.574821533    0.000000578    0.000001546
   33.617976830    0.000000607    0.000001643
   33.661132128    0.000000637    0.000001746
   33.704287426    0.000000673    0.000001855
   33.747442723    0.000000718    0.000001972
   33.790598021    0.000000770    0.000002095
   33.833753318    0.000000827    0.000002227
   33.876908616    0.000000883    0.000002366
   33.920063914    0.000000937    0.000002514
   33.963219211    0.000000989    0.000002672
   34.006374509    0.000001043    0.000002839
   34.049529806    0.000001105    0.000003016
   34.092685104    0.000001176    0.000003205
   34.135840402    0.000001257    0.000003405
   34.178995699    0.000001344    0.000003618
   34.222150997    0.000001434    0.000003844
   34.265306294    0.000001523    0.000004084
   34.308461592    0.000001612    0.000004338
   34.351616890    0.000001705    0.000004609
   34.394772187    0.000001807    0.000004896
   34.437927485    0.000001921    0.000005201
   34.481082782    0.000002047    0.000005525
   34.524238080    0.000002184    0.000005868
   34.567393378    0.000002327    0.000006233
   34.610548675    0.000002473    0.000006621
   34.653703973    0.000002622    0.000007032
   34.696859270    0.000002778    0.000007468
   34.740014568    0.000002946    0.000007931
   34.783169866    0.000003131    0.000008423
   34.826325163    0.000003333    0.000008945
   34.869480461    0.000003551    0.000009499
   34.912635758    0.000003781    0.000010086
   34.955791056    0.000004019    0.000010710
   34.998946354    0.000004267    0.000011372
   35.042101651    0.000004527    0.000012074
   35.085256949    0.000004805    0.000012819
   35.128412246    0.000005105    0.000013610
   35.171567544    0.000005430    0.000014449
   35.214722842    0.000005779    0.000015340
   35.257878139    0.000006148    0.000016285
   35.301033437    0.000006536    0.000017287
   35.344188734    0.000006941    0.000018350
   35.387344032    0.000007367    0.000019478
   35.430499330    0.000007820    0.000020674
   35.473654627    0.000008306    0.000021943
   35.516809925    0.000008828    0.000023289
   35.559965222    0.000009387    0.000024717
   35.603120520    0.000009980    0.000026231
   35.646275818    0.000010605    0.000027836
   35.689431115    0.000011263    0.000029539
   35.732586413    0.000011956    0.000031345
   35.775741710    0.000012693    0.000033259
   35.818897008    0.000013480    0.000035290
   35.862052306    0.000014322    0.000037443
   35.905207603    0.000015221    0.000039725
   35.948362901    0.000016176    0.000042146
   35.991518198    0.000017185    0.000044712
   36.034673496    0.000018250    0.000047433
   36.077828794    0.000019375    0.000050317
   36.120984091    0.000020568    0.000053375
   36.164139389    0.000021838    0.000056617
   36.207294686    0.000023192    0.000060053
   36.250449984    0.000024633    0.000063696
   36.293605282    0.000026163    0.000067557
   36.336760579    0.000027783    0.000071650
   36.379915877    0.000029494    0.000075987
   36.423071174    0.000031304    0.000080583
   36.466226472    0.000033222    0.000085453
   36.509381770    0.000035259    0.000090615
   36.552537067    0.000037427    0.000096084
   36.595692365    0.000039733    0.000101879
   36.638847662    0.000042181    0.000108018
   36.682002960    0.000044775    0.000114522
   36.725158258    0.000047521    0.000121412
   36.768313555    0.000050427    0.000128710
   36.811468853    0.000053508    0.000136441
   36.854624150    0.000056778    0.000144629
   36.897779448    0.000060254    0.000153300
   36.940934746    0.000063946    0.000162483
   36.984090043    0.000067865    0.000172207
   37.027245341    0.000072018    0.000182503
   37.070400638    0.000076416    0.000193404
   37.113555936    0.000081072    0.000204942
   37.156711234    0.000086005    0.000217156
   37.199866531    0.000091235    0.000230083
   37.243021829    0.000096786    0.000243762
   37.286177126    0.000102676    0.000258237
   37.329332424    0.000108922    0.000273550
   37.372487722    0.000115540    0.000289747
   37.415643019    0.000122549    0.000306878
   37.458798317    0.000129970    0.000324993
   37.501953614    0.000137831    0.000344144
   37.545108912    0.000146164    0.000364388
   37.588264210    0.000155001    0.000385784
   37.631419507    0.000164374    0.000408391
   37.674574805    0.000174313    0.000432274
   37.717730102    0.000184846    0.000457499
   37.760885400    0.000196003    0.000484136
   37.804040698    0.000207821    0.000512256
   37.847195995    0.000220340    0.000541935
   37.890351293    0.000233607    0.000573252
   37.933506590    0.000247670    0.000606288
   37.976661888    0.000262578    0.000641128
   38.019817186    0.000278377    0.000677858
   38.062972483    0.000295114    0.000716569
   38.106127781    0.000312837    0.000757356
   38.149283078    0.000331601    0.000800313
   38.192438376    0.000351468    0.000845540
   38.235593674    0.000372505    0.000893140
   38.278748971    0.000394785    0.000943218
   38.321904269    0.000418382    0.000995881
   38.365059566    0.000443370    0.001051238
   38.408214864    0.000469825    0.001109402
   38.451370162    0.000497824    0.001170488
   38.494525459    0.000527454    0.001234612
   38.537680757    0.000558808    0.001301892
   38.580836054    0.000591991    0.001372449
   38.623991352    0.000627110    0.001446403
   38.667146650    0.000664280    0.001523878
   38.710301947    0.000703614    0.001604994
   38.753457245    0.000745228    0.001689876
   38.796612542    0.000789241    0.001778644
   38.839767840    0.000835781    0.001871421
   38.882923138    0.000884985    0.001968324
   38.926078435    0.000936999    0.002069472
   38.969233733    0.000991979    0.002174976
   39.012389030    0.001050082    0.002284947
   39.055544328    0.001111472    0.002399488
   39.098699626    0.001176310    0.002518695
   39.141854923    0.001244766    0.002642658
   39.185010221    0.001317016    0.002771459
   39.228165518    0.001393249    0.002905170
   39.271320816    0.001473664    0.003043853
   39.314476114    0.001558473    0.003187556
   39.357631411    0.001647890    0.003336318
   39.400786709    0.001742136    0.003490161
   39.443942006    0.001841433    0.003649096
   39.487097304    0.001946010    0.003813114
   39.530252602    0.002056103    0.003982192
   39.573407899    0.002171959    0.004156286
   39.616563197    0.002293834    0.004335334
   39.659718494    0.002421996    0.004519250
   39.702873792    0.002556713    0.004707921
   39.746029090    0.002698255    0.004901212
   39.789184387    0.002846888    0.005098959
   39.832339685    0.003002877    0.005300971
   39.875494982    0.003166487    0.005507035
   39.918650280    0.003337987    0.005716915
   39.961805578    0.003517649    0.005930362
   40.004960875    0.003705746    0.006147114
   40.048116173    0.003902544    0.006366906
   40.091271470    0.004108302    0.006589478
   40.134426768    0.004323265    0.006814578
   40.177582066    0.004547668    0.007041974
   40.220737363    0.004781735    0.007271454
   40.263892661    0.005025684    0.007502840
   40.307047958    0.005279729    0.007735985
   40.350203256    0.005544069    0.007970781
   40.393358554    0.005818890    0.008207158
   40.436513851    0.006104352    0.008445082
   40.479669149    0.006400586    0.008684558
   40.522824446    0.006707690    0.008925620
   40.565979744    0.007025728    0.009168329
   40.609135042    0.007354734    0.009412764
   40.652290339    0.007694701    0.009659016
   40.695445637    0.008045578    0.009907175
   40.738600934    0.008407261    0.010157325
   40.781756232    0.008779573    0.010409533
   40.824911530    0.009162264    0.010663840
   40.868066827    0.009554997    0.010920253
   40.911222125    0.009957354    0.011178742
   40.954377422    0.010368834    0.011439231
   40.997532720    0.010788853    0.011701599
   41.040688018    0.011216742    0.011965678
   41.083843315    0.011651740    0.012231258
   41.126998613    0.012092992    0.012498085
   41.170153910    0.012539542    0.012765874
   41.213309208    0.012990340    0.013034311
   41.256464506    0.013444247    0.013303067
   41.299619803    0.013900040    0.013571803
   41.342775101    0.014356410    0.013840185
   41.385930398    0.014811949    0.014107891
   41.429085696    0.015265118    0.014374625
   41.472240994    0.015714223    0.014640123
   41.515396291    0.016157388    0.014904158
   41.558551589    0.016592551    0.015166554
   41.601706886    0.017017491    0.015427181
   41.644862184    0.017429896    0.015685961
   41.688017482    0.017827453    0.015942868
   41.731172779    0.018207967    0.016197923
   41.774328077    0.018569488    0.016451190
   41.817483374    0.018910426    0.016702769
   41.860638672    0.019229658    0.016952787
   41.903793970    0.019526609    0.017201389
   41.946949267    0.019801306    0.017448732
   41.990104565    0.020054412    0.017694965
   42.033259862    0.020287222    0.017940231
   42.076415160    0.020501639    0.018184649
   42.119570458    0.020700114    0.018428311
   42.162725755    0.020885553    0.018671273
   42.205881053    0.021061206    0.018913550
   42.249036350    0.021230518    0.019155117
   42.292191648    0.021396981    0.019395899
   42.335346946    0.021563967    0.019635783
   42.378502243    0.021734572    0.019874611
   42.421657541    0.021911458    0.020112191
   42.464812838    0.022096724    0.020348298
   42.507968136    0.022291790    0.020582683
   42.551123434    0.022497315    0.020815075
   42.594278731    0.022713147    0.021045196
   42.637434029    0.022938316    0.021272762
   42.680589326    0.023171067    0.021497489
   42.723744624    0.023408930    0.021719104
   42.766899922    0.023648834    0.021937346
   42.810055219    0.023887247    0.022151971
   42.853210517    0.024120340    0.022362752
   42.896365814    0.024344172    0.022569486
   42.939521112    0.024554880    0.022771984
   42.982676410    0.024748869    0.022970081
   43.025831707    0.024923001    0.023163624
   43.068987005    0.025074758    0.023352480
   43.112142302    0.025202383    0.023536529
