    0.000000000    0.025295122    0.025176853
    0.043155298    0.025372632    0.025259048
    0.086310595    0.025426175    0.025321573
    0.129465893    0.025457637    0.025366002
    0.172621190    0.025469760    0.025394573
    0.215776488    0.025466024    0.025410106
    0.258931786    0.025450514    0.025415894
    0.302087083    0.025427746    0.025415571
    0.345242381    0.025402484    0.025412963
    0.388397678    0.025379531    0.025411934
    0.431552976    0.025363537    0.025416233
    0.474708274    0.025358796    0.025429339
    0.517863571    0.025369079    0.025454331
    0.561018869    0.025397485    0.025493768
    0.604174166    0.025446322    0.025549599
    0.647329464    0.025517041    0.025623093
    0.690484762    0.025610191    0.025714815
    0.733640059    0.025725428    0.025824619
    0.776795357    0.025861558    0.025951677
    0.819950654    0.026016615    0.026094543
    0.863105952    0.026187972    0.026251232
    0.906261250    0.026372481    0.026419326
    0.949416547    0.026566632    0.026596089
    0.992571845    0.026766719    0.026778593
    1.035727142    0.026969010    0.026963846
    1.078882440    0.027169905    0.027148911
    1.122037738    0.027366076    0.027331025
    1.165193035    0.027554584    0.027507691
    1.208348333    0.027732974    0.027676760
    1.251503630    0.027899335    0.027836481
    1.294658928    0.028052336    0.027985536
    1.337814226    0.028191226    0.028123039
    1.380969523    0.028315809    0.028248520
    1.424124821    0.028426383    0.028361880
    1.467280118    0.028523651    0.028463338
    1.510435416    0.028608613    0.028553359
    1.553590714    0.028682443    0.028632587
    1.596746011    0.028746365    0.028701765
    1.639901309    0.028801546    0.028761674
    1.683056606    0.028849007    0.028813072
    1.726211904    0.028889571    0.028856641
    1.769367202    0.028923837    0.028892955
    1.812522499    0.028952187    0.028922453
    1.855677797    0.028974815    0.028945418
    1.898833094    0.028991754    0.028961971
    1.941988392    0.029002910    0.028972063
    1.985143690    0.029008073    0.028975480
    2.028298987    0.029006917    0.028971837
    2.071454285    0.028998979    0.028960593
    2.114609582    0.028983625    0.028941058
    2.157764880    0.028960027    0.028912414
    2.200920178    0.028927150    0.028873746
    2.244075475    0.028883765    0.028824073
    2.287230773    0.028828501    0.028762407
    2.330386070    0.028759931    0.028687808
    2.373541368    0.028676679    0.028599455
    2.416696666    0.028577553    0.028496721
    2.459851963    0.028461674    0.028379248
    2.503007261    0.028328594    0.028247025
    2.546162558    0.028178391    0.028100441
    2.589317856    0.028011741    0.027940340
    2.632473154    0.027829949    0.027768044
    2.675628451    0.027634954    0.027585349
    2.718783749    0.027429302    0.027394506
    2.761939046    0.027216080    0.027198160
    2.805094344    0.026998828    0.026999284
    2.848249642    0.026781419    0.026801072
    2.891404939    0.026567912    0.026606827
    2.934560237    0.026362392    0.026419843
    2.977715534    0.026168799    0.026243266
    3.020870832    0.025990754    0.026079973
    3.064026130    0.025831401    0.025932443
    3.107181427    0.025693263    0.025802659
    3.150336725    0.025578127    0.025692013
    3.193492022    0.025486958    0.025601241
    3.236647320    0.025419847    0.025530396
    3.279802618    0.025376006    0.025478835
    3.322957915    0.025353796    0.025445249
    3.366113213    0.025350795    0.025427720
    3.409268510    0.025363907    0.025423807
    3.452423808    0.025389501    0.025430653
    3.495579106    0.025423579    0.025445113
    3.538734403    0.025461955    0.025463903
    3.581889701    0.025500451    0.025483743
    3.625044998    0.025535085    0.025501514
    3.668200296    0.025562256    0.025514397
    3.711355594    0.025578913    0.025520008
    3.754510891    0.025582694    0.025516506
    3.797666189    0.025572040    0.025502683
    3.840821486    0.025546271    0.025478020
    3.883976784    0.025505619    0.025442711
    3.927132082    0.025451220    0.025397664
    3.970287379    0.025385063    0.025344461
    4.013442677    0.025309905    0.025285286
    4.056597974    0.025229149    0.025222837
    4.099753272    0.025146688    0.025160200
    4.142908570    0.025066744    0.025100719
    4.186063867    0.024993673    0.025047843
    4.229219165    0.024931774    0.025004979
    4.272374462    0.024885098    0.024975340
    4.315529760    0.024857271    0.024961807
    4.358685058    0.024851327    0.024966807
    4.401840355    0.024869586    0.024992205
    4.444995653    0.024913556    0.025039232
    4.488150950    0.024983873    0.025108429
    4.531306248    0.025080289    0.025199633
    4.574461546    0.025201684    0.025311987
    4.617616843    0.025346127    0.025443985
    4.660772141    0.025510965    0.025593539
    4.703927438    0.025692941    0.025758074
    4.747082736    0.025888343    0.025934639
    4.790238034    0.026093170    0.026120030
    4.833393331    0.026303303    0.026310916
    4.876548629    0.026514677    0.026503969
    4.919703926    0.026723441    0.026695987
    4.962859224    0.026926092    0.026884006
    5.006014522    0.027119587    0.027065390
    5.049169819    0.027301426    0.027237909
    5.092325117    0.027469712    0.027399784
    5.135480414    0.027623170    0.027549706
    5.178635712    0.027761145    0.027686837
    5.221791010    0.027883568    0.027810771
    5.264946307    0.027990878    0.027921491
    5.308101605    0.028083922    0.028019304
    5.351256902    0.028163828    0.028104767
    5.394412200    0.028231876    0.028178614
    5.437567498    0.028289365    0.028241682
    5.480722795    0.028337509    0.028294843
    5.523878093    0.028377368    0.028338948
    5.567033390    0.028409807    0.028374777
    5.610188688    0.028435488    0.028403007
    5.653343986    0.028454893    0.028424187
    5.696499283    0.028468343    0.028438731
    5.739654581    0.028476030    0.028446905
    5.782809878    0.028478039    0.028448835
    5.825965176    0.028474354    0.028444504
    5.869120474    0.028464863    0.028433749
    5.912275771    0.028449341    0.028416269
    5.955431069    0.028427427    0.028391617
    5.998586366    0.028398602    0.028359209
    6.041741664    0.028362159    0.028318339
    6.084896962    0.028317193    0.028268198
    6.128052259    0.028262610    0.028207912
    6.171207557    0.028197168    0.028136591
    6.214362854    0.028119549    0.028053384
    6.257518152    0.028028469    0.027957555
    6.300673450    0.027922802    0.027848547
    6.343828747    0.027801718    0.027726064
    6.386984045    0.027664802    0.027590136
    6.430139342    0.027512159    0.027441188
    6.473294640    0.027344479    0.027280080
    6.516449938    0.027163073    0.027108141
    6.559605235    0.026969875    0.026927169
    6.602760533    0.026767409    0.026739408
    6.645915830    0.026558736    0.026547501
    6.689071128    0.026347364    0.026354411
    6.732226426    0.026137139    0.026163329
    6.775381723    0.025932106    0.025977558
    6.818537021    0.025736350    0.025800394
    6.861692318    0.025553823    0.025634994
    6.904847616    0.025388172    0.025484252
    6.948002914    0.025242574    0.025350676
    6.991158211    0.025119594    0.025236281
    7.034313509    0.025021066    0.025142496
    7.077468806    0.024948008    0.025070097
    7.120624104    0.024900574    0.025019168
    7.163779402    0.024878033    0.024989092
    7.206934699    0.024878795    0.024978572
    7.250089997    0.024900469    0.024985683
    7.293245294    0.024939961    0.025007956
    7.336400592    0.024993607    0.025042481
    7.379555890    0.025057335    0.025086033
    7.422711187    0.025126848    0.025135210
    7.465866485    0.025197817    0.025186584
    7.509021782    0.025266072    0.025236851
    7.552177080    0.025327785    0.025282978
    7.595332378    0.025379640    0.025322335
    7.638487675    0.025418977    0.025352813
    7.681642973    0.025443910    0.025372917
    7.724798270    0.025453411    0.025381826
    7.767953568    0.025447357    0.025379433
    7.811108866    0.025426533    0.025366339
    7.854264163    0.025392595    0.025343827
    7.897419461    0.025347987    0.025313800
    7.940574758    0.025295823    0.025278693
    7.983730056    0.025239744    0.025241356
    8.026885354    0.025183749    0.025204929
    8.070040651    0.025132010    0.025172690
    8.113195949    0.025088684    0.025147909
    8.156351246    0.025057727    0.025133699
    8.199506544    0.025042708    0.025132871
    8.242661842    0.025046654    0.025147815
    8.285817139    0.025071903    0.025180386
    8.328972437    0.025120009    0.025231831
    8.372127734    0.025191674    0.025302731
    8.415283032    0.025286721    0.025392980
    8.458438330    0.025404120    0.025501791
    8.501593627    0.025542032    0.025627735
    8.544748925    0.025697905    0.025768807
    8.587904222    0.025868586    0.025922517
    8.631059520    0.026050464    0.026085999
    8.674214818    0.026239627    0.026256130
    8.717370115    0.026432038    0.026429663
    8.760525413    0.026623700    0.026603354
    8.803680710    0.026810824    0.026774081
    8.846836008    0.026989970    0.026938961
    8.889991306    0.027158165    0.027095444
    8.933146603    0.027312987    0.027241386
    8.976301901    0.027452626    0.027375102
    9.019457198    0.027575904    0.027495393
    9.062612496    0.027682270    0.027601539
    9.105767794    0.027771773    0.027693274
    9.148923091    0.027844986    0.027770736
    9.192078389    0.027902921    0.027834404
    9.235233686    0.027946900    0.027885022
    9.278388984    0.027978428    0.027923522
    9.321544282    0.027999052    0.027950950
    9.364699579    0.028010249    0.027968394
    9.407854877    0.028013336    0.027976928
    9.451010174    0.028009423    0.027977562
    9.494165472    0.027999404    0.027971206
    9.537320770    0.027983974    0.027958649
    9.580476067    0.027963660    0.027940552
    9.623631365    0.027938865    0.027917447
    9.666786662    0.027909895    0.027889750
    9.709941960    0.027876982    0.027857773
    9.753097258    0.027840301    0.027821733
    9.796252555    0.027799979    0.027781764
    9.839407853    0.027756094    0.027737916
    9.882563150    0.027708672    0.027690156
    9.925718448    0.027657672    0.027638364
    9.968873746    0.027602966    0.027582330
   10.012029043    0.027544314    0.027521760
   10.055184341    0.027481336    0.027456284
   10.098339638    0.027413511    0.027385478
   10.141494936    0.027340182    0.027308889
   10.184650234    0.027260608    0.027226069
   10.227805531    0.027174027    0.027136616
   10.270960829    0.027079746    0.027040223
   10.314116126    0.026977229    0.026936718
   10.357271424    0.026866189    0.026826122
   10.400426722    0.026746648    0.026708684
   10.443582019    0.026618990    0.026584922
   10.486737317    0.026483982    0.026455643
   10.529892614    0.026342788    0.026321950
   10.573047912    0.026196950    0.026185230
   10.616203210    0.026048363    0.026047122
   10.659358507    0.025899224    0.025909469
   10.702513805    0.025751958    0.025774253
   10.745669102    0.025609126    0.025643524
   10.788824400    0.025473312    0.025519309
   10.831979698    0.025347002    0.025403533
   10.875134995    0.025232461    0.025297917
   10.918290293    0.025131618    0.025203902
   10.961445590    0.025045957    0.025122558
   11.004600888    0.024976433    0.025054525
   11.047756186    0.024923406    0.024999954
   11.090911483    0.024886594    0.024958482
   11.134066781    0.024865051    0.024929217
   11.177222078    0.024857178    0.024910755
   11.220377376    0.024860760    0.024901221
   11.263532674    0.024873037    0.024898320
   11.306687971    0.024890806    0.024899421
   11.349843269    0.024910543    0.024901650
   11.392998566    0.024928545    0.024901998
   11.436153864    0.024941076    0.024897431
   11.479309162    0.024944519    0.024885016
   11.522464459    0.024935520    0.024862029
   11.565619757    0.024911119    0.024826066
   11.608775054    0.024868872    0.024775133
   11.651930352    0.024806946    0.024707719
   11.695085650    0.024724191    0.024622849
   11.738240947    0.024620181    0.024520110
   11.781396245    0.024495214    0.024399652
   11.824551542    0.024350279    0.024262166
   11.867706840    0.024186994    0.024108837
   11.910862138    0.024007509    0.023941274
   11.954017435    0.023814389    0.023761421
   11.997172733    0.023610481    0.023571453
   12.040328030    0.023398774    0.023373668
   12.083483328    0.023182254    0.023170365
   12.126638626    0.022963749    0.022963732
   12.169793923    0.022745803    0.022755742
   12.212949221    0.022530542    0.022548056
   12.256104518    0.022319579    0.022341950
   12.299259816    0.022113943    0.022138257
   12.342415114    0.021914032    0.021937330
   12.385570411    0.021719613    0.021739034
   12.428725709    0.021529843    0.021542754
   12.471881006    0.021343318    0.021347431
   12.515036304    0.021158151    0.021151620
   12.558191602    0.020972062    0.020953561
   12.601346899    0.020782490    0.020751267
   12.644502197    0.020586716    0.020542617
   12.687657494    0.020381990    0.020325457
   12.730812792    0.020165661    0.020097699
   12.773968090    0.019935297    0.019857410
   12.817123387    0.019688795    0.019602901
   12.860278685    0.019424462    0.019332791
   12.903433982    0.019141088    0.019046068
   12.946589280    0.018837978    0.018742122
   12.989744578    0.018514977    0.018420756
   13.032899875    0.018172455    0.018082189
   13.076055173    0.017811282    0.017727020
   13.119210470    0.017432766    0.017356195
   13.162365768    0.017038576    0.016970949
   13.205521066    0.016630643    0.016572748
   13.248676363    0.016211052    0.016163222
   13.291831661    0.015781936    0.015744105
   13.334986958    0.015345387    0.015317178
   13.378142256    0.014903387    0.014884218
   13.421297554    0.014457765    0.014446953
   13.464452851    0.014010189    0.014007035
   13.507608149    0.013562172    0.013566016
   13.550763446    0.013115089    0.013125333
   13.593918744    0.012670200    0.012686309
   13.637074042    0.012228663    0.012250152
   13.680229339    0.011791548    0.011817960
   13.723384637    0.011359837    0.011390732
   13.766539934    0.010934426    0.010969371
   13.809695232    0.010516125    0.010554690
   13.852850530    0.010105656    0.010147418
   13.896005827    0.009703656    0.009748199
   13.939161125    0.009310680    0.009357594
   13.982316422    0.008927199    0.008976086
   14.025471720    0.008553604    0.008604081
   14.068627018    0.008190208    0.008241912
   14.111782315    0.007837249    0.007889841
   14.154937613    0.007494894    0.007548067
   14.198092910    0.007163251    0.007216730
   14.241248208    0.006842371    0.006895912
   14.284403506    0.006532258    0.006585647
   14.327558803    0.006232875    0.006285923
   14.370714101    0.005944148    0.005996688
   14.413869398    0.005665969    0.005717858
   14.457024696    0.005398203    0.005449317
   14.500179994    0.005140687    0.005190925
   14.543335291    0.004893242    0.004942518
   14.586490589    0.004655671    0.004703915
   14.629645886    0.004427764    0.004474918
   14.672801184    0.004209302    0.004255315
   14.715956482    0.004000055    0.004044882
   14.759111779    0.003799785    0.003843387
   14.802267077    0.003608245    0.003650589
   14.845422374    0.003425180    0.003466243
   14.888577672    0.003250332    0.003290098
   14.931732970    0.003083440    0.003121897
   14.974888267    0.002924240    0.002961384
   15.018043565    0.002772469    0.002808298
   15.061198862    0.002627864    0.002662378
   15.104354160    0.002490162    0.002523365
   15.147509458    0.002359098    0.002391001
   15.190664755    0.002234409    0.002265029
   15.233820053    0.002115838    0.002145196
   15.276975350    0.002003130    0.002031255
   15.320130648    0.001896038    0.001922960
   15.363285946    0.001794321    0.001820073
   15.406441243    0.001697746    0.001722358
   15.449596541    0.001606085    0.001629590
   15.492751838    0.001519115    0.001541547
   15.535907136    0.001436622    0.001458017
   15.579062434    0.001358396    0.001378794
   15.622217731    0.001284238    0.001303679
   15.665373029    0.001213957    0.001232478
   15.708528326    0.001147370    0.001165009
   15.751683624    0.001084301    0.001101091
   15.794838922    0.001024583    0.001040554
   15.837994219    0.000968050    0.000983233
   15.881149517    0.000914546    0.000928971
   15.924304814    0.000863917    0.000877617
   15.967460112    0.000816018    0.000829026
   16.010615410    0.000770712    0.000783059
   16.053770707    0.000727867    0.000739581
   16.096926005    0.000687358    0.000698466
   16.140081302    0.000649064    0.000659589
   16.183236600    0.000612869    0.000622836
   16.226391898    0.000578661    0.000588094
   16.269547195    0.000546331    0.000555257
   16.312702493    0.000515778    0.000524225
   16.355857790    0.000486907    0.000494901
   16.399013088    0.000459628    0.000467192
   16.442168386    0.000433855    0.000441012
   16.485323683    0.000409509    0.000416278
   16.528478981    0.000386513    0.000392911
   16.571634278    0.000364791    0.000370838
   16.614789576    0.000344272    0.000349988
   16.657944874    0.000324891    0.000330296
   16.701100171    0.000306584    0.000311698
   16.744255469    0.000289295    0.000294135
   16.787410766    0.000272971    0.000277550
   16.830566064    0.000257559    0.000261889
   16.873721362    0.000243011    0.000247102
   16.916876659    0.000229279    0.000233142
   16.960031957    0.000216315    0.000219963
   17.003187254    0.000204077    0.000207523
   17.046342552    0.000192524    0.000195781
   17.089497850    0.000181619    0.000184699
   17.132653147    0.000171328    0.000174239
   17.175808445    0.000161617    0.000164366
   17.218963742    0.000152455    0.000155048
   17.262119040    0.000143810    0.000146254
   17.305274338    0.000135652    0.000137954
   17.348429635    0.000127950    0.000130122
   17.391584933    0.000120680    0.000122731
   17.434740230    0.000113817    0.000115757
   17.477895528    0.000107341    0.000109174
   17.521050826    0.000101230    0.000102962
   17.564206123    0.000095465    0.000097099
   17.607361421    0.000090027    0.000091566
   17.650516718    0.000084894    0.000086345
   17.693672016    0.000080049    0.000081418
   17.736827314    0.000075476    0.000076770
   17.779982611    0.000071159    0.000072385
   17.823137909    0.000067086    0.000068248
   17.866293206    0.000063246    0.000064344
   17.909448504    0.000059625    0.000060661
   17.952603802    0.000056212    0.000057187
   17.995759099    0.000052993    0.000053910
   18.038914397    0.000049956    0.000050820
   18.082069694    0.000047089    0.000047906
   18.125224992    0.000044385    0.000045158
   18.168380290    0.000041834    0.000042567
   18.211535587    0.000039430    0.000040123
   18.254690885    0.000037165    0.000037818
   18.297846182    0.000035032    0.000035644
   18.341001480    0.000033020    0.000033593
   18.384156778    0.000031121    0.000031660
   18.427312075    0.000029329    0.000029837
   18.470467373    0.000027636    0.000028119
   18.513622670    0.000026040    0.000026498
   18.556777968    0.000024535    0.000024970
   18.599933266    0.000023119    0.000023528
   18.643088563    0.000021785    0.000022169
   18.686243861    0.000020527    0.000020886
   18.729399158    0.000019340    0.000019677
   18.772554456    0.000018220    0.000018538
   18.815709754    0.000017161    0.000017464
   18.858865051    0.000016163    0.000016452
   18.902020349    0.000015222    0.000015498
   18.945175646    0.000014338    0.000014599
   18.988330944    0.000013507    0.000013750
   19.031486242    0.000012725    0.000012951
   19.074641539    0.000011987    0.000012198
   19.117796837    0.000011290    0.000011489
   19.160952134    0.000010632    0.000010821
   19.204107432    0.000010010    0.000010192
   19.247262730    0.000009425    0.000009599
   19.290418027    0.000008876    0.000009040
   19.333573325    0.000008361    0.000008513
   19.376728622    0.000007877    0.000008017
   19.419883920    0.000007420    0.000007549
   19.463039218    0.000006987    0.000007109
   19.506194515    0.000006578    0.000006694
   19.549349813    0.000006191    0.000006304
   19.592505110    0.000005827    0.000005936
   19.635660408    0.000005486    0.000005589
   19.678815706    0.000005166    0.000005262
   19.721971003    0.000004867    0.000004954
   19.765126301    0.000004584    0.000004664
   19.808281598    0.000004316    0.000004391
   19.851436896    0.000004062    0.000004134
   19.894592194    0.000003822    0.000003892
   19.937747491    0.000003595    0.000003665
   19.980902789    0.000003384    0.000003451
   20.024058086    0.000003187    0.000003248
   20.067213384    0.000003003    0.000003058
   20.110368682    0.000002830    0.000002878
   20.153523979    0.000002665    0.000002710
   20.196679277    0.000002509    0.000002552
   20.239834574    0.000002360    0.000002403
   20.282989872    0.000002219    0.000002263
   20.326145170    0.000002089    0.000002131
   20.369300467    0.000001967    0.000002006
   20.412455765    0.000001855    0.000001888
   20.455611062    0.000001749    0.000001777
   20.498766360    0.000001648    0.000001673
   20.541921658    0.000001551    0.000001575
   20.585076955    0.000001458    0.000001484
   20.628232253    0.000001370    0.000001397
   20.671387550    0.000001288    0.000001316
   20.714542848    0.000001213    0.000001239
   20.757698146    0.000001144    0.000001165
   20.800853443    0.000001079    0.000001097
   20.844008741    0.000001018    0.000001032
   20.887164038    0.000000957    0.000000971
   20.930319336    0.000000899    0.000000915
   20.973474634    0.000000844    0.000000862
   21.016629931    0.000000793    0.000000812
   21.059785229    0.000000747    0.000000764
   21.102940526    0.000000705    0.000000719
   21.146095824    0.000000666    0.000000676
   21.189251122    0.000000629    0.000000636
   21.232406419    0.000000592    0.000000599
   21.275561717    0.000000556    0.000000565
   21.318717014    0.000000521    0.000000532
   21.361872312    0.000000489    0.000000502
   21.405027610    0.000000460    0.000000472
   21.448182907    0.000000435    0.000000444
   21.491338205    0.000000412    0.000000418
   21.534493502    0.000000390    0.000000393
   21.577648800    0.000000367    0.000000370
   21.620804098    0.000000344    0.000000349
   21.663959395    0.000000321    0.000000329
   21.707114693    0.000000301    0.000000310
   21.750269990    0.000000283    0.000000292
   21.793425288    0.000000268    0.000000274
   21.836580586    0.000000254    0.000000258
   21.879735883    0.000000242    0.000000242
   21.922891181    0.000000228    0.000000228
   21.966046478    0.000000213    0.000000215
   22.009201776    0.000000198    0.000000203
   22.052357074    0.000000184    0.000000191
   22.095512371    0.000000173    0.000000180
   22.138667669    0.000000164    0.000000170
   22.181822966    0.000000157    0.000000159
   22.224978264    0.000000150    0.000000149
   22.268133562    0.000000142    0.000000141
   22.311288859    0.000000133    0.000000133
   22.354444157    0.000000123    0.000000126
   22.397599454    0.000000113    0.000000119
   22.440754752    0.000000106    0.000000112
   22.483910050    0.000000101    0.000000105
   22.527065347    0.000000097    0.000000099
   22.570220645    0.000000094    0.000000092
   22.613375942    0.000000089    0.000000087
   22.656531240    0.000000083    0.000000082
   22.699686538    0.000000076    0.000000078
   22.742841835    0.000000069    0.000000074
   22.785997133    0.000000064    0.000000070
   22.829152430    0.000000061    0.000000065
   22.872307728    0.000000060    0.000000061
   22.915463026    0.000000059    0.000000057
   22.958618323    0.000000057    0.000000053
   23.001773621    0.000000053    0.000000050
   23.044928918    0.000000048    0.000000048
   23.088084216    0.000000042    0.000000046
   23.131239514    0.000000038    0.000000043
   23.174394811    0.000000037    0.000000041
   23.217550109    0.000000037    0.000000038
   23.260705406    0.000000037    0.000000035
   23.303860704    0.000000036    0.000000033
   23.347016002    0.000000034    0.000000031
   23.390171299    0.000000030    0.000000030
   23.433326597    0.000000026    0.000000029
   23.476481894    0.000000023    0.000000027
   23.519637192    0.000000022    0.000000026
   23.562792490    0.000000022    0.000000024
   23.605947787    0.000000023    0.000000022
   23.649103085    0.000000024    0.000000020
   23.692258382    0.000000023    0.000000019
   23.735413680    0.000000019    0.000000018
   23.778568978    0.000000016    0.000000018
   23.821724275    0.000000013    0.000000017
   23.864879573    0.000000012    0.000000016
   23.908034870    0.000000013    0.000000015
   23.951190168    0.000000015    0.000000014
   23.994345466    0.000000016    0.000000012
   24.037500763    0.000000015    0.000000012
   24.080656061    0.000000013    0.000000011
   24.123811358    0.000000010    0.000000011
   24.166966656    0.000000007    0.000000011
   24.210121954    0.000000006    0.000000010
   24.253277251    0.000000007    0.000000010
   24.296432549    0.000000009    0.000000009
   24.339587846    0.000000011    0.000000008
   24.382743144    0.000000011    0.000000007
   24.425898442    0.000000009    0.000000007
   24.469053739    0.000000006    0.000000007
   24.512209037    0.000000004    0.000000007
   24.555364334    0.000000003    0.000000007
   24.598519632    0.000000004    0.000000006
   24.641674930    0.000000006    0.000000005
   24.684830227    0.000000008    0.000000005
   24.727985525    0.000000008    0.000000004
   24.771140822    0.000000007    0.000000004
   24.814296120    0.000000004    0.000000004
   24.857451418    0.000000002    0.000000005
   24.900606715    0.000000000    0.000000005
   24.943762013    0.000000001    0.000000004
   24.986917310    0.000000003    0.000000004
   25.030072608    0.000000006    0.000000003
   25.073227906    0.000000006    0.000000002
   25.116383203    0.000000005    0.000000002
   25.159538501    0.000000003    0.000000003
   25.202693798    0.000000000    0.000000003
   25.245849096   -0.000000001    0.000000003
   25.289004394   -0.000000000    0.000000003
   25.332159691    0.000000002    0.000000002
   25.375314989    0.000000004    0.000000002
   25.418470286    0.000000005    0.000000001
   25.461625584    0.000000005    0.000000001
   25.504780882    0.000000002    0.000000002
   25.547936179   -0.000000000    0.000000002
   25.591091477   -0.000000002    0.000000002
   25.634246774   -0.000000001    0.000000002
   25.677402072    0.000000001    0.000000002
   25.720557370    0.000000003    0.000000001
   25.763712667    0.000000005    0.000000001
   25.806867965    0.000000004    0.000000001
   25.850023262    0.000000002    0.000000001
   25.893178560   -0.000000000    0.000000002
   25.936333858   -0.000000002    0.000000002
   25.979489155   -0.000000002    0.000000002
   26.022644453   -0.000000000    0.000000001
   26.065799750    0.000000002    0.000000001
   26.108955048    0.000000004    0.000000000
   26.152110346    0.000000004    0.000000000
   26.195265643    0.000000002    0.000000001
   26.238420941   -0.000000000    0.000000001
   26.281576238   -0.000000002    0.000000002
   26.324731536   -0.000000002    0.000000002
   26.367886834   -0.000000001    0.000000001
   26.411042131    0.000000002    0.000000001
   26.454197429    0.000000004    0.000000000
   26.497352726    0.000000004    0.000000000
   26.540508024    0.000000002    0.000000000
   26.583663322   -0.000000000    0.000000001
   26.626818619   -0.000000002    0.000000001
   26.669973917   -0.000000003    0.000000001
   26.713129214   -0.000000001    0.000000001
   26.756284512    0.000000001    0.000000000
   26.799439810    0.000000003   -0.000000000
   26.842595107    0.000000004   -0.000000000
   26.885750405    0.000000003    0.000000000
   26.928905702    0.000000000    0.000000001
   26.972061000   -0.000000002    0.000000001
   27.015216298   -0.000000003    0.000000001
   27.058371595   -0.000000002    0.000000001
   27.101526893    0.000000001    0.000000000
   27.144682190    0.000000003   -0.000000000
   27.187837488    0.000000004   -0.000000000
   27.230992786    0.000000003   -0.000000000
   27.274148083    0.000000001    0.000000000
   27.317303381   -0.000000002    0.000000001
   27.360458678   -0.000000003    0.000000001
   27.403613976   -0.000000002    0.000000001
   27.446769274    0.000000000    0.000000001
   27.489924571    0.000000003    0.000000000
   27.533079869    0.000000004   -0.000000000
   27.576235166    0.000000003   -0.000000000
   27.619390464    0.000000001    0.000000000
   27.662545762   -0.000000001    0.000000001
   27.705701059   -0.000000003    0.000000001
   27.748856357   -0.000000002    0.000000001
   27.792011654   -0.000000000    0.000000001
   27.835166952    0.000000002    0.000000000
   27.878322250    0.000000004   -0.000000000
   27.921477547    0.000000004   -0.000000000
   27.964632845    0.000000001    0.000000000
   28.007788142   -0.000000001    0.000000001
   28.050943440   -0.000000003    0.000000001
   28.094098738   -0.000000002    0.000000001
   28.137254035   -0.000000000    0.000000001
   28.180409333    0.000000002    0.000000000
   28.223564630    0.000000004   -0.000000000
   28.266719928    0.000000004    0.000000000
   28.309875226    0.000000002    0.000000000
   28.353030523   -0.000000001    0.000000001
   28.396185821   -0.000000002    0.000000001
   28.439341118   -0.000000002    0.000000002
   28.482496416   -0.000000001    0.000000001
   28.525651714    0.000000002    0.000000001
   28.568807011    0.000000004    0.000000000
   28.611962309    0.000000004    0.000000000
   28.655117606    0.000000003    0.000000001
   28.698272904    0.000000000    0.000000001
   28.741428202   -0.000000002    0.000000002
   28.784583499   -0.000000002    0.000000002
   28.827738797   -0.000000001    0.000000002
   28.870894094    0.000000002    0.000000001
   28.914049392    0.000000004    0.000000001
   28.957204690    0.000000005    0.000000001
   29.000359987    0.000000003    0.000000001
   29.043515285    0.000000001    0.000000002
   29.086670582   -0.000000001    0.000000002
   29.129825880   -0.000000002    0.000000002
   29.172981178   -0.000000001    0.000000002
   29.216136475    0.000000002    0.000000002
   29.259291773    0.000000005    0.000000001
   29.302447070    0.000000006    0.000000001
   29.345602368    0.000000004    0.000000002
   29.388757666    0.000000002    0.000000002
   29.431912963   -0.000000000    0.000000003
   29.475068261   -0.000000001    0.000000003
   29.518223558   -0.000000000    0.000000003
   29.561378856    0.000000003    0.000000003
   29.604534154    0.000000005    0.000000002
   29.647689451    0.000000007    0.000000002
   29.690844749    0.000000006    0.000000003
   29.734000046    0.000000004    0.000000003
   29.777155344    0.000000001    0.000000004
   29.820310642    0.000000000    0.000000004
   29.863465939    0.000000001    0.000000005
   29.906621237    0.000000003    0.000000004
   29.949776534    0.000000006    0.000000004
   29.992931832    0.000000008    0.000000004
   30.036087130    0.000000008    0.000000004
   30.079242427    0.000000006    0.000000005
   30.122397725    0.000000003    0.000000006
   30.165553022    0.000000002    0.000000007
   30.208708320    0.000000003    0.000000007
   30.251863618    0.000000005    0.000000007
   30.295018915    0.000000009    0.000000007
   30.338174213    0.000000011    0.000000007
   30.381329510    0.000000011    0.000000007
   30.424484808    0.000000009    0.000000008
   30.467640106    0.000000007    0.000000009
   30.510795403    0.000000006    0.000000010
   30.553950701    0.000000006    0.000000010
   30.597105998    0.000000009    0.000000011
   30.640261296    0.000000012    0.000000011
   30.683416594    0.000000015    0.000000011
   30.726571891    0.000000016    0.000000011
   30.769727189    0.000000014    0.000000013
   30.812882486    0.000000012    0.000000014
   30.856037784    0.000000011    0.000000015
   30.899193082    0.000000012    0.000000016
   30.942348379    0.000000014    0.000000017
   30.985503677    0.000000018    0.000000017
   31.028658974    0.000000021    0.000000018
   31.071814272    0.000000023    0.000000019
   31.114969570    0.000000022    0.000000020
   31.158124867    0.000000021    0.000000022
   31.201280165    0.000000020    0.000000024
   31.244435462    0.000000021    0.000000026
   31.287590760    0.000000024    0.000000027
   31.330746058    0.000000028    0.000000028
   31.373901355    0.000000032    0.000000029
   31.417056653    0.000000035    0.000000031
   31.460211950    0.000000035    0.000000033
   31.503367248    0.000000035    0.000000035
   31.546522546    0.000000034    0.000000038
   31.589677843    0.000000035    0.000000041
   31.632833141    0.000000039    0.000000043
   31.675988438    0.000000044    0.000000045
   31.719143736    0.000000049    0.000000047
   31.762299034    0.000000053    0.000000050
   31.805454331    0.000000056    0.000000053
   31.848609629    0.000000056    0.000000057
   31.891764926    0.000000057    0.000000061
   31.934920224    0.000000059    0.000000065
   31.978075522    0.000000064    0.000000069
   32.021230819    0.000000071    0.000000072
   32.064386117    0.000000078    0.000000076
   32.107541414    0.000000084    0.000000081
   32.150696712    0.000000088    0.000000086
   32.193852010    0.000000091    0.000000092
   32.237007307    0.000000094    0.000000098
   32.280162605    0.000000098    0.000000105
   32.323317902    0.000000105    0.000000111
   32.366473200    0.000000114    0.000000117
   32.409628498    0.000000124    0.000000124
   32.452783795    0.000000134    0.000000131
   32.495939093    0.000000141    0.000000139
   32.539094390    0.000000147    0.000000148
   32.582249688    0.000000153    0.000000158
   32.625404986    0.000000161    0.000000168
   32.668560283    0.000000171    0.000000179
   32.711715581    0.000000184    0.000000189
   32.754870878    0.000000199    0.000000200
   32.798026176    0.000000213    0.000000212
   32.841181474    0.000000226    0.000000225
   32.884336771    0.000000238    0.000000240
   32.927492069    0.000000249    0.000000256
   32.970647366    0.000000262    0.000000272
   33.013802664    0.000000279    0.000000289
   33.056957962    0.000000298    0.000000306
   33.100113259    0.000000320    0.000000325
   33.143268557    0.000000343    0.000000344
   33.186423854    0.000000364    0.000000366
   33.229579152    0.000000385    0.000000389
   33.272734450    0.000000406    0.000000414
   33.315889747    0.000000428    0.000000440
   33.359045045    0.000000454    0.000000468
   33.402200342    0.000000485    0.000000496
   33.445355640    0.000000518    0.000000526
   33.488510938    0.000000553    0.000000558
   33.531666235    0.000000587    0.000000593
   33.574821533    0.000000622    0.000000630
   33.617976830    0.000000657    0.000000670
   33.661132128    0.000000695    0.000000712
   33.704287426    0.000000737    0.000000756
   33.747442723    0.000000785    0.000000803
   33.790598021    0.000000837    0.000000852
   33.833753318    0.000000891    0.000000904
   33.876908616    0.000000948    0.000000960
   33.920063914    0.000001005    0.000001020
   33.963219211    0.000001065    0.000001084
   34.006374509    0.000001128    0.000001153
   34.049529806    0.000001197    0.000001225
   34.092685104    0.000001273    0.000001301
   34.135840402    0.000001356    0.000001381
   34.178995699    0.000001443    0.000001466
   34.222150997    0.000001535    0.000001557
   34.265306294    0.000001629    0.000001654
   34.308461592    0.000001727    0.000001757
   34.351616890    0.000001831    0.000001867
   34.394772187    0.000001943    0.000001984
   34.437927485    0.000002065    0.000002106
   34.481082782    0.000002196    0.000002236
   34.524238080    0.000002335    0.000002374
   34.567393378    0.000002482    0.000002521
   34.610548675    0.000002635    0.000002678
   34.653703973    0.000002795    0.000002844
   34.696859270    0.000002965    0.000003022
   34.740014568    0.000003146    0.000003209
   34.783169866    0.000003342    0.000003408
   34.826325163    0.000003552    0.000003619
   34.869480461    0.000003777    0.000003843
   34.912635758    0.000004013    0.000004082
   34.955791056    0.000004262    0.000004335
   34.998946354    0.000004524    0.000004605
   35.042101651    0.000004802    0.000004892
   35.085256949    0.000005098    0.000005196
   35.128412246    0.000005415    0.000005518
   35.171567544    0.000005754    0.000005860
   35.214722842    0.000006115    0.000006223
   35.257878139    0.000006497    0.000006608
   35.301033437    0.000006899    0.000007017
   35.344188734    0.000007324    0.000007452
   35.387344032    0.000007774    0.000007914
   35.430499330    0.000008252    0.000008404
   35.473654627    0.000008761    0.000008924
   35.516809925    0.000009305    0.000009474
   35.559965222    0.000009883    0.000010058
   35.603120520    0.000010495    0.000010678
   35.646275818    0.000011143    0.000011336
   35.689431115    0.000011828    0.000012035
   35.732586413    0.000012553    0.000012778
   35.775741710    0.000013323    0.000013565
   35.818897008    0.000014142    0.000014401
   35.862052306    0.000015015    0.000015286
   35.905207603    0.000015943    0.000016226
   35.948362901    0.000016927    0.000017223
   35.991518198    0.000017969    0.000018281
   36.034673496    0.000019071    0.000019404
   36.077828794    0.000020238    0.000020595
   36.120984091    0.000021477    0.000021859
   36.164139389    0.000022793    0.000023199
   36.207294686    0.000024191    0.000024619
   36.250449984    0.000025676    0.000026124
   36.293605282    0.000027250    0.000027721
   36.336760579    0.000028917    0.000029414
   36.379915877    0.000030680    0.000031209
   36.423071174    0.000032548    0.000033113
   36.466226472    0.000034528    0.000035132
   36.509381770    0.000036630    0.000037272
   36.552537067    0.000038861    0.000039541
   36.595692365    0.000041228    0.000041945
   36.638847662    0.000043739    0.000044495
   36.682002960    0.000046399    0.000047198
   36.725158258    0.000049217    0.000050065
   36.768313555    0.000052201    0.000053105
   36.811468853    0.000055366    0.000056328
   36.854624150    0.000058722    0.000059745
   36.897779448    0.000062285    0.000063367
   36.940934746    0.000066064    0.000067205
   36.984090043    0.000070071    0.000071274
   37.027245341    0.000074317    0.000075587
   37.070400638    0.000078814    0.000080158
   37.113555936    0.000083576    0.000085004
   37.156711234    0.000088623    0.000090139
   37.199866531    0.000093972    0.000095581
   37.243021829    0.000099643    0.000101345
   37.286177126    0.000105655    0.000107453
   37.329332424    0.000112025    0.000113923
   37.372487722    0.000118773    0.000120779
   37.415643019    0.000125918    0.000128044
   37.458798317    0.000133484    0.000135741
   37.501953614    0.000141498    0.000143895
   37.545108912    0.000149991    0.000152535
   37.588264210    0.000158991    0.000161687
   37.631419507    0.000168530    0.000171382
   37.674574805    0.000178638    0.000181654
   37.717730102    0.000189346    0.000192535
   37.760885400    0.000200687    0.000204064
   37.804040698    0.000212699    0.000216278
   37.847195995    0.000225422    0.000229216
   37.890351293    0.000238902    0.000242921
   37.933506590    0.000253183    0.000257437
   37.976661888    0.000268315    0.000272809
   38.019817186    0.000284342    0.000289089
   38.062972483    0.000301315    0.000306329
   38.106127781    0.000319285    0.000324584
   38.149283078    0.000338308    0.000343914
   38.192438376    0.000358446    0.000364378
   38.235593674    0.000379765    0.000386042
   38.278748971    0.000402336    0.000408973
   38.321904269    0.000426231    0.000433243
   38.365059566    0.000451524    0.000458930
   38.408214864    0.000478292    0.000486114
   38.451370162    0.000506616    0.000514881
   38.494525459    0.000536584    0.000545321
   38.537680757    0.000568290    0.000577529
   38.580836054    0.000601837    0.000611603
   38.623991352    0.000637331    0.000647647
   38.667146650    0.000674884    0.000685770
   38.710301947    0.000714607    0.000726088
   38.753457245    0.000756620    0.000768723
   38.796612542    0.000801043    0.000813800
   38.839767840    0.000848008    0.000861451
   38.882923138    0.000897651    0.000911815
   38.926078435    0.000950118    0.000965033
   38.969233733    0.001005561    0.001021254
   39.012389030    0.001064136    0.001080634
   39.055544328    0.001126005    0.001143335
   39.098699626    0.001191330    0.001209525
   39.141854923    0.001260283    0.001279380
   39.185010221    0.001333043    0.001353084
   39.228165518    0.001409799    0.001430824
   39.271320816    0.001490748    0.001512796
   39.314476114    0.001576098    0.001599204
   39.357631411    0.001666061    0.001690256
   39.400786709    0.001760855    0.001786171
   39.443942006    0.001860703    0.001887174
   39.487097304    0.001965834    0.001993498
   39.530252602    0.002076486    0.002105381
   39.573407899    0.002192906    0.002223066
   39.616563197    0.002315350    0.002346804
   39.659718494    0.002444079    0.002476845
   39.702873792    0.002579359    0.002613449
   39.746029090    0.002721458    0.002756877
   39.789184387    0.002870639    0.002907391
   39.832339685    0.003027170    0.003065257
   39.875494982    0.003191316    0.003230741
   39.918650280    0.003363347    0.003404106
   39.961805578    0.003543533    0.003585613
   40.004960875    0.003732142    0.003775518
   40.048116173    0.003929437    0.003974075
   40.091271470    0.004135673    0.004181531
   40.134426768    0.004351094    0.004398128
   40.177582066    0.004575934    0.004624098
   40.220737363    0.004810418    0.004859664
   40.263892661    0.005054766    0.005105037
   40.307047958    0.005309186    0.005360412
   40.350203256    0.005573877    0.005625966
   40.393358554    0.005849017    0.005901859
   40.436513851    0.006134764    0.006188227
   40.479669149    0.006431245    0.006485181
   40.522824446    0.006738558    0.006792804
   40.565979744    0.007056771    0.007111141
   40.609135042    0.007385914    0.007440197
   40.652290339    0.007725981    0.007779931
   40.695445637    0.008076918    0.008130249
   40.738600934    0.008438614    0.008491001
   40.781756232    0.008810891    0.008861973
   40.824911530    0.009193496    0.009242885
   40.868066827    0.009586092    0.009633386
   40.911222125    0.009988264    0.010033046
   40.954377422    0.010399511    0.010441353
   40.997532720    0.010819250    0.010857710
   41.040688018    0.011246809    0.011281432
   41.083843315    0.011681424    0.011711749
   41.126998613    0.012122237    0.012147800
   41.170153910    0.012568292    0.012588634
   41.213309208    0.013018539    0.013033207
   41.256464506    0.013471842    0.013480372
   41.299619803    0.013926982    0.013928874
   41.342775101    0.014382652    0.014377339
   41.385930398    0.014837440    0.014824271
   41.429085696    0.015289810    0.015268050
   41.472240994    0.015738065    0.015706943
   41.515396291    0.016180328    0.016139120
   41.558551589    0.016614541    0.016562685
   41.601706886    0.017038490    0.016975715
   41.644862184    0.017449866    0.017376316
   41.688017482    0.017846362    0.017762681
   41.731172779    0.018225787    0.018133160
   41.774328077    0.018586191    0.018486334
   41.817483374    0.018925986    0.018821091
   41.860638672    0.019244053    0.019136694
   41.903793970    0.019539822    0.019432836
   41.946949267    0.019813330    0.019709688
   41.990104565    0.020065245    0.019967913
   42.033259862    0.020296872    0.020208666
   42.076415160    0.020510117    0.020433564
   42.119570458    0.020707435    0.020644633
   42.162725755    0.020891733    0.020844231
   42.205881053    0.021066262    0.021034959
   42.249036350    0.021234473    0.021219543
   42.292191648    0.021399862    0.021400722
   42.335346946    0.021565808    0.021581122
   42.378502243    0.021735409    0.021763130
   42.421657541    0.021911330    0.021948783
   42.464812838    0.022095669    0.022139662
   42.507968136    0.022289845    0.022336811
   42.551123434    0.022494514    0.022540676
   42.594278731    0.022709527    0.022751075
   42.637434029    0.022933917    0.022967197
   42.680589326    0.023165932    0.023187631
   42.723744624    0.023403108    0.023410421
   42.766899922    0.023642375    0.023633160
   42.810055219    0.023880200    0.023853092
   42.853210517    0.024112755    0.024067249
   42.896365814    0.024336097    0.024272590
   42.939521112    0.024546364    0.024466153
   42.982676410    0.024739966    0.024645201
   43.025831707    0.024913768    0.024807365
   43.068987005    0.025065256    0.024950768
   43.112142302    0.025192673    0.025074132
