    #         X           Y           Z        CHARGE     ATOM    DISTANCE
  -------------------------------------------------------------------------
    1      0.0000      0.0000      0.0000      0.0776       1      0.0001
    2     14.3289      0.0000      0.3452      0.7370       1      1.8862
    3     14.6660      0.0000      6.5596      0.2548      19      1.9037
    4      0.0000      0.0000      7.7679      0.0771      19      0.0585
    5     14.3289      0.0000      8.1132      0.4983      19      1.8978
    6      0.0000      1.8543      0.3452      0.6944       1      1.8861
    7     15.1717      2.6972      2.9346      0.4714      16      1.9015
    8      0.0000      1.5172      6.5596      0.2335      19      1.9036
    9      0.0000      1.8543      8.1132      0.4764      19      1.8977
   10     15.3403      2.6972     11.3930      0.7276      34      1.8764
   11      0.0000      1.6858      6.9048      0.0452      19      1.8679
   12      0.0000      3.5401      0.3452      0.7936       2      1.8862
   13      0.0000      3.7087      8.4584      0.2629      20      1.8443
   14      0.0000      3.7087      6.9048      0.0322      20      1.8756
   15      0.0000      3.5401      8.1132      0.1515      20      1.8995
   16      0.0000      3.8772      6.5596      0.1843      20      1.9126
   17      0.0000      5.3944      0.0000      0.0771       2      0.0001
   18      0.0000      5.3944      7.7679      0.0779      20      0.0490
   19      0.0000      7.2487      0.3452      0.7316       2      1.8862
   20      0.0000      7.2487      8.1132      0.6924      20      1.8920
   21     15.3403      8.0916     11.5656      0.7522      35      1.8452
   22     15.3403      8.0916      3.2798      0.4242      17      1.9298
   23      0.0000      8.9345      0.3452      0.6726       3      1.8862
   24      0.0000      8.9345      8.1132      0.6403      21      1.8920
   25      0.0000     10.7888      0.0000      0.0771       3      0.0001
   26      0.0000     10.7888      7.7679      0.0779      21      0.0490
   27     15.3403     13.4860     11.3930      0.7276      36      1.8764
   28      0.0000     12.6431      0.3452      0.7936       3      1.8862
   29      0.0000     12.3060      6.5596      0.1843      21      1.9126
   30      0.0000     12.4746      8.4584      0.2629      21      1.8443
   31     15.1717     13.4860      2.9346      0.4714      18      1.9015
   32      0.0000     12.4746      6.9048      0.0322      21      1.8755
   33      0.0000     12.6431      8.1132      0.1515      21      1.8995
   34      0.0000     14.3289      8.1132      0.4764      19      1.8978
   35      0.0000     14.3289      0.3452      0.6944       1      1.8862
   36      0.0000     14.6660      6.5596      0.2335      19      1.9037
   37      0.0000     14.4975      6.9048      0.0452      19      1.8679
   38      1.8543      0.0000      0.3452      0.6551       1      1.8861
   39      2.6972     15.1717      2.9346      0.4714      12      1.9015
   40      1.5172      0.0000      6.5596      0.2141      19      1.9036
   41      1.8543      0.0000      8.1132      0.4570      19      1.8977
   42      2.6972     15.3403     11.3930      0.7276      30      1.8764
   43      1.0114      2.6972      2.9346      0.4442      10      1.9016
   44      1.0114      2.6972      4.6608      0.2824      10      1.8863
   45      0.8429      2.6972     11.3930      0.7048      28      1.8765
   46      2.6972      0.8429     11.3930      0.6674      28      1.8765
   47      2.6972      4.5515     11.5656      0.7261      28      1.8489
   48      1.8543      5.3944      0.3452      0.6847       2      1.8861
   49      2.6972      4.3830      2.9346      0.5179      10      1.9016
   50      1.8543      5.3944      7.7679      0.8063      20      1.8549
   51      2.6972      6.2373     11.5656      0.8020      29      1.8608
   52      0.8429      8.0916     11.5656      0.6905      29      1.8452
   53      1.0114      8.0916      2.9346      0.3016      11      1.9016
   54      2.8658      6.5744      5.0060      0.3234      11      1.9365
   55      0.8429      8.0916      3.2798      0.3748      11      1.9299
   56      1.8543     10.7888      7.7679      0.8063      21      1.8549
   57      1.8543     10.7888      0.3452      0.6847       3      1.8861
   58      2.8658      9.6088      5.0060      0.3234      11      1.9365
   59      2.6972      9.9459     11.5656      0.8002      29      1.8607
   60      2.6972     11.8003      2.9346      0.5179      12      1.9016
   61      1.0114     13.4860      4.6608      0.2824      12      1.8863
   62      0.8429     13.4860     11.3930      0.7048      30      1.8765
   63      2.6972     11.6317     11.5656      0.7261      30      1.8490
   64      1.0114     13.4860      2.9346      0.4442      12      1.9016
   65      2.6972      1.0114      2.9346      0.4239      10      1.9016
   66      2.6972      1.0114      4.6608      0.2617      10      1.8863
   67      2.6972      4.3830      4.6608      0.1941      10      1.8863
   68      2.6972      6.4059      2.9346      0.4243      11      1.9016
   69      2.6972      9.7774      2.9346      0.4243      11      1.9015
   70      2.6972     11.8003      4.6608      0.1941      12      1.8863
   71      2.6972     15.1717      4.6608      0.2617      12      1.8863
   72      2.6972      6.4059      4.6608      0.0312      11      1.8863
   73      2.6972      9.7774      4.6608      0.0312      11      1.8863
   74      1.6858      0.0000      6.9048      0.0447      19      1.8679
   75      2.6972      2.6972      3.7977      0.0797      10      0.0168
   76      2.6972      2.6972     11.5656      0.0746      28      0.0686
   77      2.6972      8.0916      3.7977      0.0798      11      0.0168
   78      2.6972      8.0916     11.7382      0.0738      29      0.0244
   79      2.6972     13.4860      3.7977      0.0797      12      0.0168
   80      2.6972     13.4860     11.5656      0.0746      30      0.0686
   81      3.5401      5.3944      0.3452      0.7956       5      1.8862
   82      3.5401     10.7888      0.3452      0.7956       6      1.8862
   83      3.5401      0.0000      0.3452      0.7936       4      1.8862
   84      4.3830      8.0916      2.9346      0.5257      11      1.9016
   85      3.7087      0.0000      8.4584      0.2629      22      1.8443
   86      3.5401      0.0000      8.1132      0.1515      22      1.8995
   87      4.5515      2.6972     11.5656      0.6855      28      1.8489
   88      3.8772      0.0000      6.5596      0.1843      22      1.9126
   89      3.3715      3.8772      5.1786      0.0661      10      1.9257
   90      3.5401      5.3944      7.0775      0.6247      23      1.9099
   91      3.3715      5.3944      7.4227      0.4175      23      1.9961
   92      5.3944      7.2487      0.3452      0.7496       5      1.8862
   93      4.3830      8.0916      4.6608      0.1472      11      1.8863
   94      4.2144      8.0916     10.7025      0.4833      29      1.8394
   95      3.3715     10.7888      7.4227      0.4175      24      1.9961
   96      5.3944      8.9345      0.3452      0.6909       6      1.8862
   97      3.5401     10.7888      7.0775      0.6247      24      1.9099
   98      3.3715     12.3060      5.1786      0.0661      12      1.9257
   99      4.5515     13.4860     11.5656      0.6855      30      1.8489
  100      5.3944     12.6431      0.3452      0.7526       6      1.8862
  101      3.7087      0.0000      6.9048      0.0322      22      1.8756
  102      5.3944      1.8543      7.7679      0.8064      22      1.8549
  103      5.3944      3.5401      0.3452      0.7526       5      1.8862
  104      4.3830      2.6972      2.9346      0.4953      10      1.9016
  105      4.3830      2.6972      4.6608      0.1931      10      1.8863
  106      5.3944      1.8543      0.3452      0.6847       4      1.8861
  107      3.8772      3.3715      5.1786      0.0463      10      1.9257
  108      5.3944      3.5401      7.0775      0.5818      23      1.9099
  109      5.3944      3.3715      7.4227      0.3961      23      1.9961
  110      6.4059      6.4059      8.9763      0.9277      23      1.9733
  111      6.9116      7.0801      9.6668      0.3321      32      2.1066
  112      6.4059      9.7774      8.9763      0.9277      24      1.9734
  113      4.3830     13.4860      2.9346      0.4953      12      1.9016
  114      4.3830     13.4860      4.6608      0.1931      12      1.8863
  115      3.8772     12.8117      5.1786      0.0463      12      1.9257
  116      5.3944     12.6431      7.0775      0.5818      24      1.9098
  117      5.3944     12.8117      7.4227      0.3961      24      1.9961
  118      5.3944     14.3289      0.3452      0.6847       4      1.8862
  119      5.3944     14.3289      7.7679      0.8064      22      1.8550
  120      8.0916      8.0916     14.6728      7.6292      37      0.4124
  121      6.9116      9.1030      9.6668      0.2074      32      2.1066
  122      5.3944      0.0000      0.0000      0.0771       4      0.0001
  123      5.3944      0.0000      7.7679      0.0779      22      0.0490
  124      7.2487      0.0000      0.3452      0.7316       4      1.8862
  125      5.3944      5.3944      7.7679      0.0781      23      0.1029
  126      5.3944      5.3944      0.0000      0.0771       5      0.0001
  127      5.3944     10.7888      0.0000      0.0771       6      0.0001
  128      5.3944     10.7888      7.7679      0.0781      24      0.1029
  129      6.2373      2.6972     11.5656      0.8020      31      1.8608
  130      6.2373     13.4860     11.5656      0.8020      33      1.8608
  131      8.0916      0.8429     11.5656      0.6905      31      1.8452
  132      8.0916     11.9688     10.7025      0.4833      33      1.8394
  133      8.0916     15.3403     11.5656      0.7522      33      1.8452
  134      7.2487      0.0000      8.1132      0.6923      22      1.8920
  135      8.0916      4.2144     10.7025      0.4833      31      1.8394
  136      8.0916     15.3403      3.2798      0.4242      15      1.9298
  137      8.0916      1.0114      2.9346      0.3016      13      1.9016
  138      6.5744      2.8658      5.0060      0.3234      13      1.9365
  139      6.4059      2.6972      2.9346      0.4243      13      1.9016
  140      6.4059      2.6972      4.6608      0.0312      13      1.8863
  141      8.0916      4.3830      2.9346      0.5257      13      1.9016
  142      7.2487      5.3944      0.3452      0.7102       5      1.8862
  143      6.4059      8.0916      2.9346      0.7603      14      1.9016
  144      7.2487     10.7888      0.3452      0.7102       6      1.8862
  145      8.0916     11.8003      2.9346      0.5257      15      1.9016
  146      6.5744     13.3174      5.0060      0.3234      15      1.9365
  147      6.4059     13.4860      2.9346      0.4243      15      1.9016
  148      6.4059     13.4860      4.6608      0.0312      15      1.8863
  149      8.0916     15.1717      2.9346      0.3016      15      1.9015
  150      8.0916      0.8429      3.2798      0.3748      13      1.9299
  151      8.0916      6.4059      2.9346      0.7156      14      1.9016
  152      7.0801      6.9116      9.6668      0.2901      32      2.1066
  153      8.0916      9.7774      2.9346      0.7156      14      1.9015
  154      7.0801      9.2716      9.6668      0.2901      32      2.1066
  155      8.0916      4.3830      4.6608      0.1472      13      1.8863
  156      8.0916     11.8003      4.6608      0.1472      15      1.8863
  157      8.0916      2.6972      3.7977      0.0798      13      0.0168
  158      8.0916      2.6972     11.7382      0.0738      31      0.0244
  159      8.0916      8.0916      3.7977      0.0796      14      0.0168
  160      8.0916      8.0916     11.0477      0.0887      32      0.0411
  161      8.0916     13.4860      3.7977      0.0798      15      0.0168
  162      8.0916     13.4860     11.7382      0.0738      33      0.0244
  163      8.9345      0.0000      0.3452      0.6726       7      1.8862
  164      8.9345      0.0000      8.1132      0.6404      25      1.8920
  165     10.7888      1.8543      7.7679      0.8063      25      1.8549
  166      9.6088      2.8658      5.0060      0.3234      13      1.9365
  167     10.7888      1.8543      0.3452      0.6847       7      1.8861
  168      9.7774      2.6972      2.9346      0.4243      13      1.9015
  169      9.9459      2.6972     11.5656      0.8002      31      1.8607
  170     10.7888      3.5401      0.3452      0.7956       8      1.8862
  171     10.7888      3.5401      7.0775      0.6247      26      1.9099
  172     10.7888      3.3715      7.4227      0.4175      26      1.9961
  173      9.7774      6.4059      8.9763      0.9277      26      1.9734
  174      8.9345      5.3944      0.3452      0.6909       8      1.8862
  175      9.1030      6.9116      9.6668      0.2074      32      2.1066
  176      9.7774      8.0916      2.9346      0.6751      14      1.9015
  177      9.2716      7.0801      9.6668      0.2901      32      2.1066
  178     10.7888      7.2487      0.3452      0.7102       8      1.8862
  179      8.9345     10.7888      0.3452      0.6909       9      1.8862
  180      9.7774      9.7774      8.9763      0.9277      27      1.9734
  181      9.1030      9.2716      9.6668      0.2074      32      2.1066
  182     10.7888     12.6431      7.0775      0.6247      27      1.9098
  183      9.6088     13.3174      5.0060      0.3234      15      1.9365
  184      9.9459     13.4860     11.5656      0.8002      33      1.8607
  185     10.7888     12.6431      0.3452      0.7956       9      1.8862
  186     10.7888     12.8117      7.4227      0.4175      27      1.9961
  187      9.7774     13.4860      2.9346      0.4243      15      1.9015
  188     10.7888     14.3289      7.7679      0.8063      25      1.8550
  189     10.7888     14.3289      0.3452      0.6847       7      1.8862
  190     10.7888      8.9345      0.3452      0.6515       9      1.8862
  191      9.2716      9.1030      9.6668      0.1671      32      2.1066
  192     12.6431      5.3944      7.0775      0.5818      26      1.9098
  193     12.6431     10.7888      7.0775      0.5818      27      1.9098
  194      9.7774      2.6972      4.6608      0.0312      13      1.8863
  195      9.7774     13.4860      4.6608      0.0312      15      1.8863
  196     11.6317      2.6972     11.5656      0.7261      34      1.8490
  197     11.6317     13.4860     11.5656      0.7261      36      1.8490
  198     10.7888      0.0000      0.0000      0.0771       7      0.0001
  199     10.7888      0.0000      7.7679      0.0779      25      0.0490
  200     10.7888      5.3944      0.0000      0.0771       8      0.0001
  201     10.7888      5.3944      7.7679      0.0781      26      0.1029
  202     10.7888     10.7888      0.0000      0.0771       9      0.0001
  203     10.7888     10.7888      7.7679      0.0781      27      0.1029
  204     13.4860     15.3403     11.3930      0.7650      36      1.8764
  205     12.6431      0.0000      0.3452      0.7936       7      1.8862
  206     12.3060      0.0000      6.5596      0.1843      25      1.9126
  207     12.4746      0.0000      8.4584      0.2629      25      1.8443
  208     11.8003      2.6972      2.9346      0.5179      16      1.9016
  209     12.6431      5.3944      0.3452      0.7526       8      1.8862
  210     11.8003      8.0916      2.9346      0.5257      17      1.9016
  211     13.4860      6.2373     11.5656      0.8020      35      1.8608
  212     11.9688      8.0916     10.7025      0.4833      35      1.8394
  213     11.8003      8.0916      4.6608      0.1472      17      1.8863
  214     13.4860      9.9459     11.5656      0.8002      35      1.8607
  215     12.6431     10.7888      0.3452      0.7526       9      1.8862
  216     11.8003     13.4860      2.9346      0.5179      18      1.9016
  217     13.4860     15.1717      2.9346      0.4917      18      1.9015
  218     13.4860      1.0114      4.6608      0.2824      16      1.8863
  219     13.4860      0.8429     11.3930      0.7048      34      1.8765
  220     11.8003      2.6972      4.6608      0.1941      16      1.8863
  221     12.3060      3.3715      5.1786      0.0661      16      1.9257
  222     13.4860      4.3830      2.9346      0.4953      16      1.9016
  223     12.8117      5.3944      7.4227      0.3961      26      1.9961
  224     13.4860      4.5515     11.5656      0.6855      34      1.8489
  225     13.3174      6.5744      5.0060      0.3234      17      1.9365
  226     13.3174      9.6088      5.0060      0.3234      17      1.9365
  227     13.4860     11.6317     11.5656      0.6855      36      1.8490
  228     13.4860     11.8003      2.9346      0.4953      18      1.9016
  229     12.8117     10.7888      7.4227      0.3961      27      1.9961
  230     12.3060     12.8117      5.1786      0.0661      18      1.9257
  231     11.8003     13.4860      4.6608      0.1941      18      1.8863
  232     13.4860     15.1717      4.6608      0.2824      18      1.8863
  233     13.4860      1.0114      2.9346      0.4442      16      1.9016
  234     13.4860      4.3830      4.6608      0.1931      16      1.8863
  235     12.8117      3.8772      5.1786      0.0463      16      1.9257
  236     13.4860      6.4059      2.9346      0.4243      17      1.9016
  237     13.4860      9.7774      2.9346      0.4243      17      1.9015
  238     13.4860     11.8003      4.6608      0.1931      18      1.8863
  239     12.8117     12.3060      5.1786      0.0463      18      1.9257
  240     12.4746      0.0000      6.9048      0.0322      25      1.8755
  241     12.6431      0.0000      8.1132      0.1515      25      1.8995
  242     13.4860      6.4059      4.6608      0.0312      17      1.8863
  243     13.4860      9.7774      4.6608      0.0312      17      1.8863
  244     13.4860      2.6972      3.7977      0.0797      16      0.0168
  245     13.4860      2.6972     11.5656      0.0746      34      0.0686
  246     13.4860      8.0916      3.7977      0.0798      17      0.0168
  247     13.4860      8.0916     11.7382      0.0738      35      0.0244
  248     13.4860     13.4860      3.7977      0.0797      18      0.0168
  249     13.4860     13.4860     11.5656      0.0746      36      0.0686
  250     14.4975      0.0000      6.9048      0.0457      19      1.8679
  251     14.3289      5.3944      0.3452      0.6847       2      1.8862
  252     14.3289      5.3944      7.7679      0.8064      20      1.8550
  253     14.3289     10.7888      7.7679      0.8064      21      1.8550
  254     14.3289     10.7888      0.3452      0.6847       3      1.8862
  255     15.1717      2.6972      4.6608      0.2617      16      1.8863
  256     15.1717      8.0916      2.9346      0.3016      17      1.9015
  257     15.1717     13.4860      4.6608      0.2617      18      1.8863
  -------------------------------------------------------------------------
